0.000000	40.000000	-1.151930
0.500000	40.000000	-1.693510
1.000000	40.000000	-2.258280
1.500000	40.000000	-2.802000
2.000000	40.000000	-3.263120
2.500000	40.000000	-3.547350
3.000000	40.000000	-3.734580
3.500000	40.000000	-3.872860
4.000000	40.000000	-3.994730
4.500000	40.000000	-4.115280
5.000000	40.000000	-4.218910
5.500000	40.000000	-4.274950
6.000000	40.000000	-4.252840
6.500000	40.000000	-4.183630
7.000000	40.000000	-4.049760
7.500000	40.000000	-3.893260
8.000000	40.000000	-3.755630
8.500000	40.000000	-3.664950
9.000000	40.000000	-3.624360
9.500000	40.000000	-3.624160
10.000000	40.000000	-3.646590
10.500000	40.000000	-3.660190
11.000000	40.000000	-3.696230
11.500000	40.000000	-3.771380
12.000000	40.000000	-3.893810
12.500000	40.000000	-4.059850
13.000000	40.000000	-4.245900
13.500000	40.000000	-4.418640
14.000000	40.000000	-4.546830
14.500000	40.000000	-4.633000
15.000000	40.000000	-4.659070
15.500000	40.000000	-4.640390
16.000000	40.000000	-4.595610
0.000000	39.500000	-1.599460
0.500000	39.500000	-2.021050
1.000000	39.500000	-2.466800
1.500000	39.500000	-2.899460
2.000000	39.500000	-3.264460
2.500000	39.500000	-3.514860
3.000000	39.500000	-3.682240
3.500000	39.500000	-3.810970
4.000000	39.500000	-3.936920
4.500000	39.500000	-4.088670
5.000000	39.500000	-4.242960
5.500000	39.500000	-4.376980
6.000000	39.500000	-4.461890
6.500000	39.500000	-4.328860
7.000000	39.500000	-4.158750
7.500000	39.500000	-3.990410
8.000000	39.500000	-3.854660
8.500000	39.500000	-3.781660
9.000000	39.500000	-3.756020
9.500000	39.500000	-3.757410
10.000000	39.500000	-3.765730
10.500000	39.500000	-3.773090
11.000000	39.500000	-3.788830
11.500000	39.500000	-3.833530
12.000000	39.500000	-3.926980
12.500000	39.500000	-4.083190
13.000000	39.500000	-4.276570
13.500000	39.500000	-4.475500
14.000000	39.500000	-4.639340
14.500000	39.500000	-4.685820
15.000000	39.500000	-4.682820
15.500000	39.500000	-4.654040
16.000000	39.500000	-4.610460
0.000000	39.000000	-2.034240
0.500000	39.000000	-2.344150
1.000000	39.000000	-2.678530
1.500000	39.000000	-3.013010
2.000000	39.000000	-3.309020
2.500000	39.000000	-3.502250
3.000000	39.000000	-3.640730
3.500000	39.000000	-3.755860
4.000000	39.000000	-3.880740
4.500000	39.000000	-4.057000
5.000000	39.000000	-4.238430
5.500000	39.000000	-4.387180
6.000000	39.000000	-4.462380
6.500000	39.000000	-4.380480
7.000000	39.000000	-4.236160
7.500000	39.000000	-4.079380
8.000000	39.000000	-3.953570
8.500000	39.000000	-3.906600
9.000000	39.000000	-3.904620
9.500000	39.000000	-3.916670
10.000000	39.000000	-3.914260
10.500000	39.000000	-3.911050
11.000000	39.000000	-3.896120
11.500000	39.000000	-3.900170
12.000000	39.000000	-3.955210
12.500000	39.000000	-4.094790
13.000000	39.000000	-4.285010
13.500000	39.000000	-4.492580
14.000000	39.000000	-4.665920
14.500000	39.000000	-4.698780
15.000000	39.000000	-4.684540
15.500000	39.000000	-4.656640
16.000000	39.000000	-4.621140
0.000000	38.500000	-2.488610
0.500000	38.500000	-2.682930
1.000000	38.500000	-2.898830
1.500000	38.500000	-3.124580
2.000000	38.500000	-3.336740
2.500000	38.500000	-3.497470
3.000000	38.500000	-3.625450
3.500000	38.500000	-3.737840
4.000000	38.500000	-3.863420
4.500000	38.500000	-4.060670
5.000000	38.500000	-4.256800
5.500000	38.500000	-4.403980
6.000000	38.500000	-4.461200
6.500000	38.500000	-4.432670
7.000000	38.500000	-4.325560
7.500000	38.500000	-4.190020
8.000000	38.500000	-4.078320
8.500000	38.500000	-4.061200
9.000000	38.500000	-4.087750
9.500000	38.500000	-4.127540
10.000000	38.500000	-4.152140
10.500000	38.500000	-4.098730
11.000000	38.500000	-4.033700
11.500000	38.500000	-3.988950
12.000000	38.500000	-3.996570
12.500000	38.500000	-4.106200
13.000000	38.500000	-4.269580
13.500000	38.500000	-4.459410
14.000000	38.500000	-4.642620
14.500000	38.500000	-4.657060
15.000000	38.500000	-4.655480
15.500000	38.500000	-4.653650
16.000000	38.500000	-4.646320
0.000000	38.000000	-3.005230
0.500000	38.000000	-3.070950
1.000000	38.000000	-3.155060
1.500000	38.000000	-3.264490
2.000000	38.000000	-3.401730
2.500000	38.000000	-3.536280
3.000000	38.000000	-3.673620
3.500000	38.000000	-3.801550
4.000000	38.000000	-3.934520
4.500000	38.000000	-4.149260
5.000000	38.000000	-4.353620
5.500000	38.000000	-4.516310
6.000000	38.000000	-4.622890
6.500000	38.000000	-4.569460
7.000000	38.000000	-4.472630
7.500000	38.000000	-4.357100
8.000000	38.000000	-4.257700
8.500000	38.000000	-4.260220
9.000000	38.000000	-4.294230
9.500000	38.000000	-4.334580
10.000000	38.000000	-4.356530
10.500000	38.000000	-4.281410
11.000000	38.000000	-4.191820
11.500000	38.000000	-4.116420
12.000000	38.000000	-4.081270
12.500000	38.000000	-4.148860
13.000000	38.000000	-4.248990
13.500000	38.000000	-4.351580
14.000000	38.000000	-4.441190
14.500000	38.000000	-4.532680
15.000000	38.000000	-4.608330
15.500000	38.000000	-4.671330
16.000000	38.000000	-4.718850
0.000000	37.500000	-3.621720
0.500000	37.500000	-3.537510
1.000000	37.500000	-3.469870
1.500000	37.500000	-3.445760
2.000000	37.500000	-3.492610
2.500000	37.500000	-3.638540
3.000000	37.500000	-3.821120
3.500000	37.500000	-3.993480
4.000000	37.500000	-4.143860
4.500000	37.500000	-4.356470
5.000000	37.500000	-4.525700
5.500000	37.500000	-4.640760
6.000000	37.500000	-4.714570
6.500000	37.500000	-4.702600
7.000000	37.500000	-4.664580
7.500000	37.500000	-4.599470
8.000000	37.500000	-4.520550
8.500000	37.500000	-4.521000
9.000000	37.500000	-4.521870
9.500000	37.500000	-4.519990
10.000000	37.500000	-4.517450
10.500000	37.500000	-4.444260
11.000000	37.500000	-4.373870
11.500000	37.500000	-4.308930
12.000000	37.500000	-4.255350
12.500000	37.500000	-4.282330
13.000000	37.500000	-4.310380
13.500000	37.500000	-4.328850
14.000000	37.500000	-4.359240
14.500000	37.500000	-4.482480
15.000000	37.500000	-4.624170
15.500000	37.500000	-4.760770
16.000000	37.500000	-4.878700
0.000000	37.000000	-4.348390
0.500000	37.000000	-4.088710
1.000000	37.000000	-3.855700
1.500000	37.000000	-3.702290
2.000000	37.000000	-3.688180
2.500000	37.000000	-3.845700
3.000000	37.000000	-4.097510
3.500000	37.000000	-4.348030
4.000000	37.000000	-4.535320
4.500000	37.000000	-4.711140
5.000000	37.000000	-4.791020
5.500000	37.000000	-4.801750
6.000000	37.000000	-4.806950
6.500000	37.000000	-4.853720
7.000000	37.000000	-4.913170
7.500000	37.000000	-4.935880
8.000000	37.000000	-4.896830
8.500000	37.000000	-4.859520
9.000000	37.000000	-4.773450
9.500000	37.000000	-4.675580
10.000000	37.000000	-4.614120
10.500000	37.000000	-4.583040
11.000000	37.000000	-4.590290
11.500000	37.000000	-4.592530
12.000000	37.000000	-4.561110
12.500000	37.000000	-4.547560
13.000000	37.000000	-4.498150
13.500000	37.000000	-4.445570
14.000000	37.000000	-4.453740
14.500000	37.000000	-4.560220
15.000000	37.000000	-4.743250
15.500000	37.000000	-4.951250
16.000000	37.000000	-5.150170
0.000000	36.500000	-5.129060
0.500000	36.500000	-4.672910
1.000000	36.500000	-4.277880
1.500000	36.500000	-4.000700
2.000000	36.500000	-3.921500
2.500000	36.500000	-4.128790
3.000000	36.500000	-4.482050
3.500000	36.500000	-4.847820
4.000000	36.500000	-5.114400
4.500000	36.500000	-5.201120
5.000000	36.500000	-5.151200
5.500000	36.500000	-5.025670
6.000000	36.500000	-4.896630
6.500000	36.500000	-5.049850
7.000000	36.500000	-5.219520
7.500000	36.500000	-5.351460
8.000000	36.500000	-5.390040
8.500000	36.500000	-5.262740
9.000000	36.500000	-5.048910
9.500000	36.500000	-4.821270
10.000000	36.500000	-4.665760
10.500000	36.500000	-4.723660
11.000000	36.500000	-4.852510
11.500000	36.500000	-4.967650
12.000000	36.500000	-5.008600
12.500000	36.500000	-4.930620
13.000000	36.500000	-4.783820
13.500000	36.500000	-4.636600
14.000000	36.500000	-4.573790
14.500000	36.500000	-4.705920
15.000000	36.500000	-4.942410
15.500000	36.500000	-5.222550
16.000000	36.500000	-5.513510
0.000000	36.000000	-5.755290
0.500000	36.000000	-5.149910
1.000000	36.000000	-4.679520
1.500000	36.000000	-4.334280
2.000000	36.000000	-4.148000
2.500000	36.000000	-4.474760
3.000000	36.000000	-4.911420
3.500000	36.000000	-5.367310
4.000000	36.000000	-5.758040
4.500000	36.000000	-5.698680
5.000000	36.000000	-5.560900
5.500000	36.000000	-5.416430
6.000000	36.000000	-5.319270
6.500000	36.000000	-5.399780
7.000000	36.000000	-5.545310
7.500000	36.000000	-5.722970
8.000000	36.000000	-5.880730
8.500000	36.000000	-5.621050
9.000000	36.000000	-5.327090
9.500000	36.000000	-5.027700
10.000000	36.000000	-4.741860
10.500000	36.000000	-4.943010
11.000000	36.000000	-5.155580
11.500000	36.000000	-5.354980
12.000000	36.000000	-5.509010
12.500000	36.000000	-5.330630
13.000000	36.000000	-5.113670
13.500000	36.000000	-4.903420
14.000000	36.000000	-4.730630
14.500000	36.000000	-4.934900
15.000000	36.000000	-5.193900
15.500000	36.000000	-5.498900
16.000000	36.000000	-5.858960
0.000000	35.500000	-5.604980
0.500000	35.500000	-5.299500
1.000000	35.500000	-5.032660
1.500000	35.500000	-4.862990
2.000000	35.500000	-4.847950
2.500000	35.500000	-5.021720
3.000000	35.500000	-5.312620
3.500000	35.500000	-5.623800
4.000000	35.500000	-5.846800
4.500000	35.500000	-5.881830
5.000000	35.500000	-5.822050
5.500000	35.500000	-5.763260
6.000000	35.500000	-5.751760
6.500000	35.500000	-5.705520
7.000000	35.500000	-5.714740
7.500000	35.500000	-5.747030
8.000000	35.500000	-5.735730
8.500000	35.500000	-5.666530
9.000000	35.500000	-5.557650
9.500000	35.500000	-5.492890
10.000000	35.500000	-5.540670
10.500000	35.500000	-5.437080
11.000000	35.500000	-5.454250
11.500000	35.500000	-5.531910
12.000000	35.500000	-5.586940
12.500000	35.500000	-5.513560
13.000000	35.500000	-5.410840
13.500000	35.500000	-5.355490
14.000000	35.500000	-5.405640
14.500000	35.500000	-5.373560
15.000000	35.500000	-5.465320
15.500000	35.500000	-5.641340
16.000000	35.500000	-5.851080
0.000000	35.000000	-5.455780
0.500000	35.000000	-5.384140
1.000000	35.000000	-5.327190
1.500000	35.000000	-5.337320
2.000000	35.000000	-5.431280
2.500000	35.000000	-5.493620
3.000000	35.000000	-5.614980
3.500000	35.000000	-5.758580
4.000000	35.000000	-5.856180
4.500000	35.000000	-5.899160
5.000000	35.000000	-5.886670
5.500000	35.000000	-5.879030
6.000000	35.000000	-5.898930
6.500000	35.000000	-5.802230
7.000000	35.000000	-5.732030
7.500000	35.000000	-5.671570
8.000000	35.000000	-5.593710
8.500000	35.000000	-5.615840
9.000000	35.000000	-5.622690
9.500000	35.000000	-5.638750
10.000000	35.000000	-5.666890
10.500000	35.000000	-5.604730
11.000000	35.000000	-5.565370
11.500000	35.000000	-5.552200
12.000000	35.000000	-5.529110
12.500000	35.000000	-5.550570
13.000000	35.000000	-5.550820
13.500000	35.000000	-5.558760
14.000000	35.000000	-5.581800
14.500000	35.000000	-5.585440
15.000000	35.000000	-5.626330
15.500000	35.000000	-5.712500
16.000000	35.000000	-5.808320
0.000000	34.500000	-5.449180
0.500000	34.500000	-5.494780
1.000000	34.500000	-5.545440
1.500000	34.500000	-5.644250
2.000000	34.500000	-5.771580
2.500000	34.500000	-5.760400
3.000000	34.500000	-5.760100
3.500000	34.500000	-5.786890
4.000000	34.500000	-5.815960
4.500000	34.500000	-5.803830
5.000000	34.500000	-5.774480
5.500000	34.500000	-5.745540
6.000000	34.500000	-5.735830
6.500000	34.500000	-5.684550
7.000000	34.500000	-5.648040
7.500000	34.500000	-5.604950
8.000000	34.500000	-5.551090
8.500000	34.500000	-5.574020
9.000000	34.500000	-5.593160
9.500000	34.500000	-5.612240
10.000000	34.500000	-5.635740
10.500000	34.500000	-5.584320
11.000000	34.500000	-5.546860
11.500000	34.500000	-5.524370
12.000000	34.500000	-5.507300
12.500000	34.500000	-5.553500
13.000000	34.500000	-5.596290
13.500000	34.500000	-5.640440
14.000000	34.500000	-5.688220
14.500000	34.500000	-5.682900
15.000000	34.500000	-5.706040
15.500000	34.500000	-5.770440
16.000000	34.500000	-5.861270
0.000000	34.000000	-5.686820
0.500000	34.000000	-5.650620
1.000000	34.000000	-5.667640
1.500000	34.000000	-5.749680
2.000000	34.000000	-5.851780
2.500000	34.000000	-5.791310
3.000000	34.000000	-5.723030
3.500000	34.000000	-5.670750
4.000000	34.000000	-5.616620
4.500000	34.000000	-5.609660
5.000000	34.000000	-5.569790
5.500000	34.000000	-5.491870
6.000000	34.000000	-5.390880
6.500000	34.000000	-5.473670
7.000000	34.000000	-5.535490
7.500000	34.000000	-5.564040
8.000000	34.000000	-5.564050
8.500000	34.000000	-5.545330
9.000000	34.000000	-5.513080
9.500000	34.000000	-5.472210
10.000000	34.000000	-5.424010
10.500000	34.000000	-5.437810
11.000000	34.000000	-5.452120
11.500000	34.000000	-5.472930
12.000000	34.000000	-5.506480
12.500000	34.000000	-5.536890
13.000000	34.000000	-5.573550
13.500000	34.000000	-5.611220
14.000000	34.000000	-5.651170
14.500000	34.000000	-5.664250
15.000000	34.000000	-5.702840
15.500000	34.000000	-5.771800
16.000000	34.000000	-5.853140
0.000000	33.500000	-5.812330
0.500000	33.500000	-5.716320
1.000000	33.500000	-5.652130
1.500000	33.500000	-5.650630
2.000000	33.500000	-5.692020
2.500000	33.500000	-5.618640
3.000000	33.500000	-5.557860
3.500000	33.500000	-5.516990
4.000000	33.500000	-5.491930
4.500000	33.500000	-5.461260
5.000000	33.500000	-5.430060
5.500000	33.500000	-5.393130
6.000000	33.500000	-5.378600
6.500000	33.500000	-5.415150
7.000000	33.500000	-5.478470
7.500000	33.500000	-5.536870
8.000000	33.500000	-5.571670
8.500000	33.500000	-5.504640
9.000000	33.500000	-5.425900
9.500000	33.500000	-5.358990
10.000000	33.500000	-5.322490
10.500000	33.500000	-5.315070
11.000000	33.500000	-5.341920
11.500000	33.500000	-5.383300
12.000000	33.500000	-5.421370
12.500000	33.500000	-5.475560
13.000000	33.500000	-5.507930
13.500000	33.500000	-5.520250
14.000000	33.500000	-5.529430
14.500000	33.500000	-5.577830
15.000000	33.500000	-5.652530
15.500000	33.500000	-5.752820
16.000000	33.500000	-5.867990
0.000000	33.000000	-5.945800
0.500000	33.000000	-5.735740
1.000000	33.000000	-5.540510
1.500000	33.000000	-5.399090
2.000000	33.000000	-5.344910
2.500000	33.000000	-5.314340
3.000000	33.000000	-5.331950
3.500000	33.000000	-5.336370
4.000000	33.000000	-5.298110
4.500000	33.000000	-5.342220
5.000000	33.000000	-5.349290
5.500000	33.000000	-5.347250
6.000000	33.000000	-5.382850
6.500000	33.000000	-5.388900
7.000000	33.000000	-5.436760
7.500000	33.000000	-5.475880
8.000000	33.000000	-5.453600
8.500000	33.000000	-5.413890
9.000000	33.000000	-5.319900
9.500000	33.000000	-5.233000
10.000000	33.000000	-5.215100
10.500000	33.000000	-5.190540
11.000000	33.000000	-5.244510
11.500000	33.000000	-5.323140
12.000000	33.000000	-5.375790
12.500000	33.000000	-5.447620
13.000000	33.000000	-5.465800
13.500000	33.000000	-5.453390
14.000000	33.000000	-5.457860
14.500000	33.000000	-5.502030
15.000000	33.000000	-5.595600
15.500000	33.000000	-5.716420
16.000000	33.000000	-5.849440
0.000000	32.500000	-6.095570
0.500000	32.500000	-5.750910
1.000000	32.500000	-5.424090
1.500000	32.500000	-5.120300
2.000000	32.500000	-4.919790
2.500000	32.500000	-5.026840
3.000000	32.500000	-5.199740
3.500000	32.500000	-5.323690
4.000000	32.500000	-5.365730
4.500000	32.500000	-5.387210
5.000000	32.500000	-5.351450
5.500000	32.500000	-5.297420
6.000000	32.500000	-5.271960
6.500000	32.500000	-5.332350
7.000000	32.500000	-5.421730
7.500000	32.500000	-5.492550
8.000000	32.500000	-5.500380
8.500000	32.500000	-5.400330
9.000000	32.500000	-5.235490
9.500000	32.500000	-5.058450
10.000000	32.500000	-4.959890
10.500000	32.500000	-5.022940
11.000000	32.500000	-5.178070
11.500000	32.500000	-5.348180
12.000000	32.500000	-5.486770
12.500000	32.500000	-5.510660
13.000000	32.500000	-5.480470
13.500000	32.500000	-5.415970
14.000000	32.500000	-5.359500
14.500000	32.500000	-5.443060
15.000000	32.500000	-5.559360
15.500000	32.500000	-5.682120
16.000000	32.500000	-5.800450
0.000000	32.000000	-6.035270
0.500000	32.000000	-5.752090
1.000000	32.000000	-5.436240
1.500000	32.000000	-5.072590
2.000000	32.000000	-4.690390
2.500000	32.000000	-5.007580
3.000000	32.000000	-5.286690
3.500000	32.000000	-5.493490
4.000000	32.000000	-5.643250
4.500000	32.000000	-5.554220
5.000000	32.000000	-5.441600
5.500000	32.000000	-5.328940
6.000000	32.000000	-5.242710
6.500000	32.000000	-5.339800
7.000000	32.000000	-5.452670
7.500000	32.000000	-5.540250
8.000000	32.000000	-5.565840
8.500000	32.000000	-5.438080
9.000000	32.000000	-5.236630
9.500000	32.000000	-4.976460
10.000000	32.000000	-4.685360
10.500000	32.000000	-4.946020
11.000000	32.000000	-5.185830
11.500000	32.000000	-5.390880
12.000000	32.000000	-5.558510
12.500000	32.000000	-5.575140
13.000000	32.000000	-5.548750
13.500000	32.000000	-5.488710
14.000000	32.000000	-5.400610
14.500000	32.000000	-5.500390
15.000000	32.000000	-5.594380
15.500000	32.000000	-5.693390
16.000000	32.000000	-5.803970
0.000000	31.500000	-6.040670
0.500000	31.500000	-5.859170
1.000000	31.500000	-5.711070
1.500000	31.500000	-5.648110
2.000000	31.500000	-5.727110
2.500000	31.500000	-5.606640
3.000000	31.500000	-5.605070
3.500000	31.500000	-5.646110
4.000000	31.500000	-5.656340
4.500000	31.500000	-5.627070
5.000000	31.500000	-5.554850
5.500000	31.500000	-5.483820
6.000000	31.500000	-5.450090
6.500000	31.500000	-5.475370
7.000000	31.500000	-5.530480
7.500000	31.500000	-5.577080
8.000000	31.500000	-5.579300
8.500000	31.500000	-5.498140
9.000000	31.500000	-5.397590
9.500000	31.500000	-5.353800
10.000000	31.500000	-5.443100
10.500000	31.500000	-5.328140
11.000000	31.500000	-5.346630
11.500000	31.500000	-5.425470
12.000000	31.500000	-5.495840
12.500000	31.500000	-5.582640
13.000000	31.500000	-5.639010
13.500000	31.500000	-5.710000
14.000000	31.500000	-5.835870
14.500000	31.500000	-5.718370
15.000000	31.500000	-5.682500
15.500000	31.500000	-5.709780
16.000000	31.500000	-5.760560
0.000000	31.000000	-6.010180
0.500000	31.000000	-5.945060
1.000000	31.000000	-5.917020
1.500000	31.000000	-5.963800
2.000000	31.000000	-6.053340
2.500000	31.000000	-5.935340
3.000000	31.000000	-5.838980
3.500000	31.000000	-5.784810
4.000000	31.000000	-5.740260
4.500000	31.000000	-5.702490
5.000000	31.000000	-5.657590
5.500000	31.000000	-5.632390
6.000000	31.000000	-5.646980
6.500000	31.000000	-5.607570
7.000000	31.000000	-5.599080
7.500000	31.000000	-5.590860
8.000000	31.000000	-5.543320
8.500000	31.000000	-5.507420
9.000000	31.000000	-5.454420
9.500000	31.000000	-5.436060
10.000000	31.000000	-5.458670
10.500000	31.000000	-5.425310
11.000000	31.000000	-5.429880
11.500000	31.000000	-5.472250
12.000000	31.000000	-5.521270
12.500000	31.000000	-5.588140
13.000000	31.000000	-5.634470
13.500000	31.000000	-5.663330
14.000000	31.000000	-5.664230
14.500000	31.000000	-5.671830
15.000000	31.000000	-5.679420
15.500000	31.000000	-5.715190
16.000000	31.000000	-5.767960
0.000000	30.500000	-6.028820
0.500000	30.500000	-5.994360
1.000000	30.500000	-5.993590
1.500000	30.500000	-6.036370
2.000000	30.500000	-6.076080
2.500000	30.500000	-6.001520
3.000000	30.500000	-5.907240
3.500000	30.500000	-5.834190
4.000000	30.500000	-5.785930
4.500000	30.500000	-5.734280
5.000000	30.500000	-5.693700
5.500000	30.500000	-5.665740
6.000000	30.500000	-5.654520
6.500000	30.500000	-5.629530
7.000000	30.500000	-5.618310
7.500000	30.500000	-5.611360
8.000000	30.500000	-5.593630
8.500000	30.500000	-5.504870
9.000000	30.500000	-5.424180
9.500000	30.500000	-5.381960
10.000000	30.500000	-5.393770
10.500000	30.500000	-5.394180
11.000000	30.500000	-5.436760
11.500000	30.500000	-5.497260
12.000000	30.500000	-5.551770
12.500000	30.500000	-5.582950
13.000000	30.500000	-5.595540
13.500000	30.500000	-5.599390
14.000000	30.500000	-5.609690
14.500000	30.500000	-5.608200
15.000000	30.500000	-5.642650
15.500000	30.500000	-5.714880
16.000000	30.500000	-5.808290
0.000000	30.000000	-6.039540
0.500000	30.000000	-6.007220
1.000000	30.000000	-5.980280
1.500000	30.000000	-5.978530
2.000000	30.000000	-5.980560
2.500000	30.000000	-5.912820
3.000000	30.000000	-5.833610
3.500000	30.000000	-5.760430
4.000000	30.000000	-5.693260
4.500000	30.000000	-5.684750
5.000000	30.000000	-5.666680
5.500000	30.000000	-5.630730
6.000000	30.000000	-5.570340
6.500000	30.000000	-5.581050
7.000000	30.000000	-5.570850
7.500000	30.000000	-5.545930
8.000000	30.000000	-5.501450
8.500000	30.000000	-5.416850
9.000000	30.000000	-5.321780
9.500000	30.000000	-5.234160
10.000000	30.000000	-5.179800
10.500000	30.000000	-5.281500
11.000000	30.000000	-5.401010
11.500000	30.000000	-5.494060
12.000000	30.000000	-5.531060
12.500000	30.000000	-5.554170
13.000000	30.000000	-5.527610
13.500000	30.000000	-5.488250
14.000000	30.000000	-5.475320
14.500000	30.000000	-5.495790
15.000000	30.000000	-5.575680
15.500000	30.000000	-5.700980
16.000000	30.000000	-5.844350
0.000000	29.500000	-6.199560
0.500000	29.500000	-6.053560
1.000000	29.500000	-5.932260
1.500000	29.500000	-5.845780
2.000000	29.500000	-5.779340
2.500000	29.500000	-5.730000
3.000000	29.500000	-5.683590
3.500000	29.500000	-5.649980
4.000000	29.500000	-5.638010
4.500000	29.500000	-5.627200
5.000000	29.500000	-5.629080
5.500000	29.500000	-5.635680
6.000000	29.500000	-5.644600
6.500000	29.500000	-5.566470
7.000000	29.500000	-5.498060
7.500000	29.500000	-5.436540
8.000000	29.500000	-5.369140
8.500000	29.500000	-5.311670
9.000000	29.500000	-5.242530
9.500000	29.500000	-5.170950
10.000000	29.500000	-5.127890
10.500000	29.500000	-5.261430
11.000000	29.500000	-5.413860
11.500000	29.500000	-5.542900
12.000000	29.500000	-5.616560
12.500000	29.500000	-5.562540
13.000000	29.500000	-5.462380
13.500000	29.500000	-5.358560
14.000000	29.500000	-5.294800
14.500000	29.500000	-5.361380
15.000000	29.500000	-5.498380
15.500000	29.500000	-5.687840
16.000000	29.500000	-5.911930
0.000000	29.000000	-6.328240
0.500000	29.000000	-6.088390
1.000000	29.000000	-5.870030
1.500000	29.000000	-5.708430
2.000000	29.000000	-5.613130
2.500000	29.000000	-5.537830
3.000000	29.000000	-5.503710
3.500000	29.000000	-5.489010
4.000000	29.000000	-5.481180
4.500000	29.000000	-5.513270
5.000000	29.000000	-5.535320
5.500000	29.000000	-5.544360
6.000000	29.000000	-5.545170
6.500000	29.000000	-5.451910
7.000000	29.000000	-5.373530
7.500000	29.000000	-5.311190
8.000000	29.000000	-5.248210
8.500000	29.000000	-5.236550
9.000000	29.000000	-5.221660
9.500000	29.000000	-5.225720
10.000000	29.000000	-5.277570
10.500000	29.000000	-5.348140
11.000000	29.000000	-5.457060
11.500000	29.000000	-5.565440
12.000000	29.000000	-5.627100
12.500000	29.000000	-5.537430
13.000000	29.000000	-5.402560
13.500000	29.000000	-5.275560
14.000000	29.000000	-5.219100
14.500000	29.000000	-5.278420
15.000000	29.000000	-5.433450
15.500000	29.000000	-5.641880
16.000000	29.000000	-5.870040
0.000000	28.500000	-6.492140
0.500000	28.500000	-6.122450
1.000000	28.500000	-5.793510
1.500000	28.500000	-5.544970
2.000000	28.500000	-5.393950
2.500000	28.500000	-5.339370
3.000000	28.500000	-5.346140
3.500000	28.500000	-5.369510
4.000000	28.500000	-5.373550
4.500000	28.500000	-5.425270
5.000000	28.500000	-5.427970
5.500000	28.500000	-5.379350
6.000000	28.500000	-5.300600
6.500000	28.500000	-5.245320
7.000000	28.500000	-5.206300
7.500000	28.500000	-5.196250
8.000000	28.500000	-5.210100
8.500000	28.500000	-5.194480
9.000000	28.500000	-5.204060
9.500000	28.500000	-5.251860
10.000000	28.500000	-5.332320
10.500000	28.500000	-5.391000
11.000000	28.500000	-5.460510
11.500000	28.500000	-5.519430
12.000000	28.500000	-5.526020
12.500000	28.500000	-5.464960
13.000000	28.500000	-5.346320
13.500000	28.500000	-5.214680
14.000000	28.500000	-5.128450
14.500000	28.500000	-5.230640
15.000000	28.500000	-5.401410
15.500000	28.500000	-5.607530
16.000000	28.500000	-5.838840
0.000000	28.000000	-6.555700
0.500000	28.000000	-6.108190
1.000000	28.000000	-5.702390
1.500000	28.000000	-5.395050
2.000000	28.000000	-5.293250
2.500000	28.000000	-5.197240
3.000000	28.000000	-5.270750
3.500000	28.000000	-5.375170
4.000000	28.000000	-5.442280
4.500000	28.000000	-5.448270
5.000000	28.000000	-5.390880
5.500000	28.000000	-5.272320
6.000000	28.000000	-5.111180
6.500000	28.000000	-5.057890
7.000000	28.000000	-5.016540
7.500000	28.000000	-5.020210
8.000000	28.000000	-5.088290
8.500000	28.000000	-5.080060
9.000000	28.000000	-5.130100
9.500000	28.000000	-5.219220
10.000000	28.000000	-5.307430
10.500000	28.000000	-5.382140
11.000000	28.000000	-5.429540
11.500000	28.000000	-5.463270
12.000000	28.000000	-5.487550
12.500000	28.000000	-5.424010
13.000000	28.000000	-5.350240
13.500000	28.000000	-5.271760
14.000000	28.000000	-5.215420
14.500000	28.000000	-5.310310
15.000000	28.000000	-5.438300
15.500000	28.000000	-5.572890
16.000000	28.000000	-5.695810
0.000000	27.500000	-6.443950
0.500000	27.500000	-6.048100
1.000000	27.500000	-5.617590
1.500000	27.500000	-5.139250
2.000000	27.500000	-4.652280
2.500000	27.500000	-4.985170
3.000000	27.500000	-5.282940
3.500000	27.500000	-5.477260
4.000000	27.500000	-5.550650
4.500000	27.500000	-5.535890
5.000000	27.500000	-5.432040
5.500000	27.500000	-5.296900
6.000000	27.500000	-5.168710
6.500000	27.500000	-4.973700
7.000000	27.500000	-4.824630
7.500000	27.500000	-4.733540
8.000000	27.500000	-4.711220
8.500000	27.500000	-4.829250
9.000000	27.500000	-4.995280
9.500000	27.500000	-5.174730
10.000000	27.500000	-5.329020
10.500000	27.500000	-5.374360
11.000000	27.500000	-5.372930
11.500000	27.500000	-5.342960
12.000000	27.500000	-5.304630
12.500000	27.500000	-5.351770
13.000000	27.500000	-5.399730
13.500000	27.500000	-5.445490
14.000000	27.500000	-5.497180
14.500000	27.500000	-5.520980
15.000000	27.500000	-5.564390
15.500000	27.500000	-5.624090
16.000000	27.500000	-5.684090
0.000000	27.000000	-6.377120
0.500000	27.000000	-6.100460
1.000000	27.000000	-5.827460
1.500000	27.000000	-5.589840
2.000000	27.000000	-5.447200
2.500000	27.000000	-5.484330
3.000000	27.000000	-5.606330
3.500000	27.000000	-5.741130
4.000000	27.000000	-5.820600
4.500000	27.000000	-5.668700
5.000000	27.000000	-5.462860
5.500000	27.000000	-5.263100
6.000000	27.000000	-5.089620
6.500000	27.000000	-4.855740
7.000000	27.000000	-4.660420
7.500000	27.000000	-4.516530
8.000000	27.000000	-4.460460
8.500000	27.000000	-4.634040
9.000000	27.000000	-4.873440
9.500000	27.000000	-5.111240
10.000000	27.000000	-5.293770
10.500000	27.000000	-5.345350
11.000000	27.000000	-5.328350
11.500000	27.000000	-5.278600
12.000000	27.000000	-5.235200
12.500000	27.000000	-5.343020
13.000000	27.000000	-5.473210
13.500000	27.000000	-5.608970
14.000000	27.000000	-5.732860
14.500000	27.000000	-5.715480
15.000000	27.000000	-5.702060
15.500000	27.000000	-5.717040
16.000000	27.000000	-5.754850
0.000000	26.500000	-6.295240
0.500000	26.500000	-6.180360
1.000000	26.500000	-6.095010
1.500000	26.500000	-6.111160
2.000000	26.500000	-6.254980
2.500000	26.500000	-6.019060
3.000000	26.500000	-5.907390
3.500000	26.500000	-5.892310
4.000000	26.500000	-5.878580
4.500000	26.500000	-5.657970
5.000000	26.500000	-5.398000
5.500000	26.500000	-5.141160
6.000000	26.500000	-4.906470
6.500000	26.500000	-4.736370
7.000000	26.500000	-4.585070
7.500000	26.500000	-4.456990
8.000000	26.500000	-4.410480
8.500000	26.500000	-4.582800
9.000000	26.500000	-4.829020
9.500000	26.500000	-5.075190
10.000000	26.500000	-5.272840
10.500000	26.500000	-5.315420
11.000000	26.500000	-5.309960
11.500000	26.500000	-5.296460
12.000000	26.500000	-5.315300
12.500000	26.500000	-5.402660
13.000000	26.500000	-5.532420
13.500000	26.500000	-5.675400
14.000000	26.500000	-5.797740
14.500000	26.500000	-5.792870
15.000000	26.500000	-5.775930
15.500000	26.500000	-5.773510
16.000000	26.500000	-5.775950
0.000000	26.000000	-6.255110
0.500000	26.000000	-6.213250
1.000000	26.000000	-6.176280
1.500000	26.000000	-6.167510
2.000000	26.000000	-6.152090
2.500000	26.000000	-6.043040
3.000000	26.000000	-5.915470
3.500000	26.000000	-5.798420
4.000000	26.000000	-5.656930
4.500000	26.000000	-5.488040
5.000000	26.000000	-5.275110
5.500000	26.000000	-5.045970
6.000000	26.000000	-4.828900
6.500000	26.000000	-4.749070
7.000000	26.000000	-4.672500
7.500000	26.000000	-4.585800
8.000000	26.000000	-4.536720
8.500000	26.000000	-4.688470
9.000000	26.000000	-4.879370
9.500000	26.000000	-5.055500
10.000000	26.000000	-5.189450
10.500000	26.000000	-5.248020
11.000000	26.000000	-5.277140
11.500000	26.000000	-5.303750
12.000000	26.000000	-5.340770
12.500000	26.000000	-5.438140
13.000000	26.000000	-5.544470
13.500000	26.000000	-5.648560
14.000000	26.000000	-5.734100
14.500000	26.000000	-5.767350
15.000000	26.000000	-5.790960
15.500000	26.000000	-5.820530
16.000000	26.000000	-5.849740
0.000000	25.500000	-6.250770
0.500000	25.500000	-6.205320
1.000000	25.500000	-6.145800
1.500000	25.500000	-6.077410
2.000000	25.500000	-5.985710
2.500000	25.500000	-5.901100
3.000000	25.500000	-5.775010
3.500000	25.500000	-5.622400
4.000000	25.500000	-5.461610
4.500000	25.500000	-5.321610
5.000000	25.500000	-5.189160
5.500000	25.500000	-5.070190
6.000000	25.500000	-4.985490
6.500000	25.500000	-4.957420
7.000000	25.500000	-4.950160
7.500000	25.500000	-4.929440
8.000000	25.500000	-4.892200
8.500000	25.500000	-4.975480
9.000000	25.500000	-5.040600
9.500000	25.500000	-5.090440
10.000000	25.500000	-5.151330
10.500000	25.500000	-5.177540
11.000000	25.500000	-5.237060
11.500000	25.500000	-5.321090
12.000000	25.500000	-5.410160
12.500000	25.500000	-5.475470
13.000000	25.500000	-5.531000
13.500000	25.500000	-5.580590
14.000000	25.500000	-5.626550
14.500000	25.500000	-5.696030
15.000000	25.500000	-5.773390
15.500000	25.500000	-5.861840
16.000000	25.500000	-5.957650
0.000000	25.000000	-6.270660
0.500000	25.000000	-6.168450
1.000000	25.000000	-6.066150
1.500000	25.000000	-5.963380
2.000000	25.000000	-5.861160
2.500000	25.000000	-5.744470
3.000000	25.000000	-5.602910
3.500000	25.000000	-5.427130
4.000000	25.000000	-5.245540
4.500000	25.000000	-5.174110
5.000000	25.000000	-5.134300
5.500000	25.000000	-5.131660
6.000000	25.000000	-5.181820
6.500000	25.000000	-5.225360
7.000000	25.000000	-5.320110
7.500000	25.000000	-5.425210
8.000000	25.000000	-5.459920
8.500000	25.000000	-5.405310
9.000000	25.000000	-5.265760
9.500000	25.000000	-5.116430
10.000000	25.000000	-5.027650
10.500000	25.000000	-5.061380
11.000000	25.000000	-5.170720
11.500000	25.000000	-5.311020
12.000000	25.000000	-5.444960
12.500000	25.000000	-5.483410
13.000000	25.000000	-5.498760
13.500000	25.000000	-5.511890
14.000000	25.000000	-5.547930
14.500000	25.000000	-5.623700
15.000000	25.000000	-5.738150
15.500000	25.000000	-5.874600
16.000000	25.000000	-6.016990
0.000000	24.500000	-6.208920
0.500000	24.500000	-6.080200
1.000000	24.500000	-5.948070
1.500000	24.500000	-5.817020
2.000000	24.500000	-5.684720
2.500000	24.500000	-5.588140
3.000000	24.500000	-5.464920
3.500000	24.500000	-5.306600
4.000000	24.500000	-5.139570
4.500000	24.500000	-5.099860
5.000000	24.500000	-5.095550
5.500000	24.500000	-5.139150
6.000000	24.500000	-5.238230
6.500000	24.500000	-5.380380
7.000000	24.500000	-5.598090
7.500000	24.500000	-5.876210
8.000000	24.500000	-6.084960
8.500000	24.500000	-5.823290
9.000000	24.500000	-5.469960
9.500000	24.500000	-5.137950
10.000000	24.500000	-4.877690
10.500000	24.500000	-4.962490
11.000000	24.500000	-5.107490
11.500000	24.500000	-5.263130
12.000000	24.500000	-5.387560
12.500000	24.500000	-5.443190
13.000000	24.500000	-5.448830
13.500000	24.500000	-5.433540
14.000000	24.500000	-5.434800
14.500000	24.500000	-5.541240
15.000000	24.500000	-5.690070
15.500000	24.500000	-5.864500
16.000000	24.500000	-6.047510
0.000000	24.000000	-6.157300
0.500000	24.000000	-5.986050
1.000000	24.000000	-5.831830
1.500000	24.000000	-5.702760
2.000000	24.000000	-5.571370
2.500000	24.000000	-5.492510
3.000000	24.000000	-5.395290
3.500000	24.000000	-5.294940
4.000000	24.000000	-5.187840
4.500000	24.000000	-5.114490
5.000000	24.000000	-5.065250
5.500000	24.000000	-5.094570
6.000000	24.000000	-5.276220
6.500000	24.000000	-5.350540
7.000000	24.000000	-5.593110
7.500000	24.000000	-5.929310
8.000000	24.000000	-6.217250
8.500000	24.000000	-5.897890
9.000000	24.000000	-5.525170
9.500000	24.000000	-5.237690
10.000000	24.000000	-5.123860
10.500000	24.000000	-5.042680
11.000000	24.000000	-5.118550
11.500000	24.000000	-5.251060
12.000000	24.000000	-5.359300
12.500000	24.000000	-5.423800
13.000000	24.000000	-5.428700
13.500000	24.000000	-5.409870
14.000000	24.000000	-5.415750
14.500000	24.000000	-5.501100
15.000000	24.000000	-5.643110
15.500000	24.000000	-5.826400
16.000000	24.000000	-6.044540
0.000000	23.500000	-6.068490
0.500000	23.500000	-5.889250
1.000000	23.500000	-5.720030
1.500000	23.500000	-5.639470
2.000000	23.500000	-5.762880
2.500000	23.500000	-5.453580
3.000000	23.500000	-5.345530
3.500000	23.500000	-5.325060
4.000000	23.500000	-5.314200
4.500000	23.500000	-5.162130
5.000000	23.500000	-4.994550
5.500000	23.500000	-4.815290
6.000000	23.500000	-4.647050
6.500000	23.500000	-4.965060
7.000000	23.500000	-5.266020
7.500000	23.500000	-5.482840
8.000000	23.500000	-5.553900
8.500000	23.500000	-5.492830
9.000000	23.500000	-5.307750
9.500000	23.500000	-5.087430
10.000000	23.500000	-4.903890
10.500000	23.500000	-4.984720
11.000000	23.500000	-5.124700
11.500000	23.500000	-5.284140
12.000000	23.500000	-5.423460
12.500000	23.500000	-5.457040
13.000000	23.500000	-5.447300
13.500000	23.500000	-5.421450
14.000000	23.500000	-5.420320
14.500000	23.500000	-5.477750
15.000000	23.500000	-5.580970
15.500000	23.500000	-5.706010
16.000000	23.500000	-5.835720
0.000000	23.000000	-6.077120
0.500000	23.000000	-5.841740
1.000000	23.000000	-5.550500
1.500000	23.000000	-5.137960
2.000000	23.000000	-4.539830
2.500000	23.000000	-4.953330
3.000000	23.000000	-5.177670
3.500000	23.000000	-5.271990
4.000000	23.000000	-5.280560
4.500000	23.000000	-5.189870
5.000000	23.000000	-5.054640
5.500000	23.000000	-4.916330
6.000000	23.000000	-4.828100
6.500000	23.000000	-4.949940
7.000000	23.000000	-5.073410
7.500000	23.000000	-5.110440
8.000000	23.000000	-5.061020
8.500000	23.000000	-5.126990
9.000000	23.000000	-5.122140
9.500000	23.000000	-5.061600
10.000000	23.000000	-5.023280
10.500000	23.000000	-5.070580
11.000000	23.000000	-5.183980
11.500000	23.000000	-5.317080
12.000000	23.000000	-5.423050
12.500000	23.000000	-5.479060
13.000000	23.000000	-5.482390
13.500000	23.000000	-5.454470
14.000000	23.000000	-5.417750
14.500000	23.000000	-5.477700
15.000000	23.000000	-5.540340
15.500000	23.000000	-5.594780
16.000000	23.000000	-5.635750
0.000000	22.500000	-6.170590
0.500000	22.500000	-5.934410
1.000000	22.500000	-5.737530
1.500000	22.500000	-5.628840
2.000000	22.500000	-5.700980
2.500000	22.500000	-5.428870
3.000000	22.500000	-5.332110
3.500000	22.500000	-5.317700
4.000000	22.500000	-5.331990
4.500000	22.500000	-5.254240
5.000000	22.500000	-5.199950
5.500000	22.500000	-5.186730
6.000000	22.500000	-5.214630
6.500000	22.500000	-5.167380
7.000000	22.500000	-5.111550
7.500000	22.500000	-5.011690
8.000000	22.500000	-4.887540
8.500000	22.500000	-5.003540
9.000000	22.500000	-5.090720
9.500000	22.500000	-5.123040
10.000000	22.500000	-5.134930
10.500000	22.500000	-5.190530
11.000000	22.500000	-5.271210
11.500000	22.500000	-5.374630
12.000000	22.500000	-5.486510
12.500000	22.500000	-5.520900
13.000000	22.500000	-5.546520
13.500000	22.500000	-5.565770
14.000000	22.500000	-5.578430
14.500000	22.500000	-5.573350
15.000000	22.500000	-5.564620
15.500000	22.500000	-5.550390
16.000000	22.500000	-5.525050
0.000000	22.000000	-6.100830
0.500000	22.000000	-5.961670
1.000000	22.000000	-5.834860
1.500000	22.000000	-5.742980
2.000000	22.000000	-5.662690
2.500000	22.000000	-5.523550
3.000000	22.000000	-5.388390
3.500000	22.000000	-5.280070
4.000000	22.000000	-5.197250
4.500000	22.000000	-5.233750
5.000000	22.000000	-5.297390
5.500000	22.000000	-5.390910
6.000000	22.000000	-5.485480
6.500000	22.000000	-5.398750
7.000000	22.000000	-5.291570
7.500000	22.000000	-5.187080
8.000000	22.000000	-5.104910
8.500000	22.000000	-5.160400
9.000000	22.000000	-5.229660
9.500000	22.000000	-5.292520
10.000000	22.000000	-5.354990
10.500000	22.000000	-5.341850
11.000000	22.000000	-5.348120
11.500000	22.000000	-5.374720
12.000000	22.000000	-5.413930
12.500000	22.000000	-5.493980
13.000000	22.000000	-5.575440
13.500000	22.000000	-5.654610
14.000000	22.000000	-5.711620
14.500000	22.000000	-5.673530
15.000000	22.000000	-5.619790
15.500000	22.000000	-5.572130
16.000000	22.000000	-5.525280
0.000000	21.500000	-6.080020
0.500000	21.500000	-5.985970
1.000000	21.500000	-5.887190
1.500000	21.500000	-5.792480
2.000000	21.500000	-5.677220
2.500000	21.500000	-5.560800
3.000000	21.500000	-5.418660
3.500000	21.500000	-5.282110
4.000000	21.500000	-5.192100
4.500000	21.500000	-5.236710
5.000000	21.500000	-5.334050
5.500000	21.500000	-5.454900
6.000000	21.500000	-5.567650
6.500000	21.500000	-5.514660
7.000000	21.500000	-5.455830
7.500000	21.500000	-5.431720
8.000000	21.500000	-5.456680
8.500000	21.500000	-5.407300
9.000000	21.500000	-5.402500
9.500000	21.500000	-5.424980
10.000000	21.500000	-5.442360
10.500000	21.500000	-5.424160
11.000000	21.500000	-5.395230
11.500000	21.500000	-5.372740
12.000000	21.500000	-5.368570
12.500000	21.500000	-5.454650
13.000000	21.500000	-5.556130
13.500000	21.500000	-5.667190
14.000000	21.500000	-5.773680
14.500000	21.500000	-5.710300
15.000000	21.500000	-5.654500
15.500000	21.500000	-5.624560
16.000000	21.500000	-5.605530
0.000000	21.000000	-6.181000
0.500000	21.000000	-6.055290
1.000000	21.000000	-5.946240
1.500000	21.000000	-5.863110
2.000000	21.000000	-5.780190
2.500000	21.000000	-5.627510
3.000000	21.000000	-5.464070
3.500000	21.000000	-5.314100
4.000000	21.000000	-5.206190
4.500000	21.000000	-5.246490
5.000000	21.000000	-5.318860
5.500000	21.000000	-5.384540
6.000000	21.000000	-5.422860
6.500000	21.000000	-5.460970
7.000000	21.000000	-5.478760
7.500000	21.000000	-5.495600
8.000000	21.000000	-5.503910
8.500000	21.000000	-5.492060
9.000000	21.000000	-5.482580
9.500000	21.000000	-5.497770
10.000000	21.000000	-5.523150
10.500000	21.000000	-5.473130
11.000000	21.000000	-5.426110
11.500000	21.000000	-5.392330
12.000000	21.000000	-5.374070
12.500000	21.000000	-5.427560
13.000000	21.000000	-5.482620
13.500000	21.000000	-5.536290
14.000000	21.000000	-5.595260
14.500000	21.000000	-5.600830
15.000000	21.000000	-5.627270
15.500000	21.000000	-5.675380
16.000000	21.000000	-5.733340
0.000000	20.500000	-6.286340
0.500000	20.500000	-6.109340
1.000000	20.500000	-5.970460
1.500000	20.500000	-5.883060
2.000000	20.500000	-5.818770
2.500000	20.500000	-5.659800
3.000000	20.500000	-5.509550
3.500000	20.500000	-5.390570
4.000000	20.500000	-5.308360
4.500000	20.500000	-5.304290
5.000000	20.500000	-5.319550
5.500000	20.500000	-5.325820
6.000000	20.500000	-5.295310
6.500000	20.500000	-5.365650
7.000000	20.500000	-5.407140
7.500000	20.500000	-5.450640
8.000000	20.500000	-5.503410
8.500000	20.500000	-5.461870
9.000000	20.500000	-5.439260
9.500000	20.500000	-5.442530
10.000000	20.500000	-5.451870
10.500000	20.500000	-5.433260
11.000000	20.500000	-5.418630
11.500000	20.500000	-5.423210
12.000000	20.500000	-5.442970
12.500000	20.500000	-5.434350
13.000000	20.500000	-5.409000
13.500000	20.500000	-5.361260
14.000000	20.500000	-5.334850
14.500000	20.500000	-5.436850
15.000000	20.500000	-5.575490
15.500000	20.500000	-5.714020
16.000000	20.500000	-5.848840
0.000000	20.000000	-6.280380
0.500000	20.000000	-6.087240
1.000000	20.000000	-5.912980
1.500000	20.000000	-5.793790
2.000000	20.000000	-5.725370
2.500000	20.000000	-5.598180
3.000000	20.000000	-5.508320
3.500000	20.000000	-5.459370
4.000000	20.000000	-5.430170
4.500000	20.000000	-5.373260
5.000000	20.000000	-5.335920
5.500000	20.000000	-5.351030
6.000000	20.000000	-5.445990
6.500000	20.000000	-5.311240
7.000000	20.000000	-5.255430
7.500000	20.000000	-5.244430
8.000000	20.000000	-5.241640
8.500000	20.000000	-5.260370
9.000000	20.000000	-5.275100
9.500000	20.000000	-5.295980
10.000000	20.000000	-5.327710
10.500000	20.000000	-5.330830
11.000000	20.000000	-5.355830
11.500000	20.000000	-5.402090
12.000000	20.000000	-5.442960
12.500000	20.000000	-5.448780
13.000000	20.000000	-5.404260
13.500000	20.000000	-5.292710
14.000000	20.000000	-5.120310
14.500000	20.000000	-5.372050
15.000000	20.000000	-5.580090
15.500000	20.000000	-5.755470
16.000000	20.000000	-5.936620
0.000000	19.500000	-6.298540
0.500000	19.500000	-6.043410
1.000000	19.500000	-5.793460
1.500000	19.500000	-5.596900
2.000000	19.500000	-5.492270
2.500000	19.500000	-5.424390
3.000000	19.500000	-5.429690
3.500000	19.500000	-5.459880
4.000000	19.500000	-5.461570
4.500000	19.500000	-5.368930
5.000000	19.500000	-5.240780
5.500000	19.500000	-5.105900
6.000000	19.500000	-4.972100
6.500000	19.500000	-4.986040
7.000000	19.500000	-4.997160
7.500000	19.500000	-4.996370
8.000000	19.500000	-4.982700
8.500000	19.500000	-5.032160
9.000000	19.500000	-5.065050
9.500000	19.500000	-5.084280
10.000000	19.500000	-5.110570
10.500000	19.500000	-5.160530
11.000000	19.500000	-5.241330
11.500000	19.500000	-5.349620
12.000000	19.500000	-5.465990
12.500000	19.500000	-5.502910
13.000000	19.500000	-5.539800
13.500000	19.500000	-5.611570
14.000000	19.500000	-5.764030
14.500000	19.500000	-5.689570
15.000000	19.500000	-5.704950
15.500000	19.500000	-5.763830
16.000000	19.500000	-5.822480
0.000000	19.000000	-6.377360
0.500000	19.000000	-6.023660
1.000000	19.000000	-5.671240
1.500000	19.000000	-5.353810
2.000000	19.000000	-5.155570
2.500000	19.000000	-5.190800
3.000000	19.000000	-5.319150
3.500000	19.000000	-5.426940
4.000000	19.000000	-5.436330
4.500000	19.000000	-5.337550
5.000000	19.000000	-5.152550
5.500000	19.000000	-4.955980
6.000000	19.000000	-4.819740
6.500000	19.000000	-4.786750
7.000000	19.000000	-4.812870
7.500000	19.000000	-4.836240
8.000000	19.000000	-4.829980
8.500000	19.000000	-4.881410
9.000000	19.000000	-4.894550
9.500000	19.000000	-4.887830
10.000000	19.000000	-4.909940
10.500000	19.000000	-4.973730
11.000000	19.000000	-5.089240
11.500000	19.000000	-5.223990
12.000000	19.000000	-5.349410
12.500000	19.000000	-5.471540
13.000000	19.000000	-5.575650
13.500000	19.000000	-5.670520
14.000000	19.000000	-5.728860
14.500000	19.000000	-5.758320
15.000000	19.000000	-5.764270
15.500000	19.000000	-5.781570
16.000000	19.000000	-5.805100
0.000000	18.500000	-6.404970
0.500000	18.500000	-6.041620
1.000000	18.500000	-5.646640
1.500000	18.500000	-5.233470
2.000000	18.500000	-4.876660
2.500000	18.500000	-5.066850
3.000000	18.500000	-5.293670
3.500000	18.500000	-5.464020
4.000000	18.500000	-5.532700
4.500000	18.500000	-5.346980
5.000000	18.500000	-5.091820
5.500000	18.500000	-4.836610
6.000000	18.500000	-4.644100
6.500000	18.500000	-4.657170
7.000000	18.500000	-4.733080
7.500000	18.500000	-4.818800
8.000000	18.500000	-4.878060
8.500000	18.500000	-4.862610
9.000000	18.500000	-4.806830
9.500000	18.500000	-4.730950
10.000000	18.500000	-4.671240
10.500000	18.500000	-4.798390
11.000000	18.500000	-4.955760
11.500000	18.500000	-5.117780
12.000000	18.500000	-5.276620
12.500000	18.500000	-5.421370
13.000000	18.500000	-5.559620
13.500000	18.500000	-5.694100
14.000000	18.500000	-5.816730
14.500000	18.500000	-5.797570
15.000000	18.500000	-5.782740
15.500000	18.500000	-5.787740
16.000000	18.500000	-5.801150
0.000000	18.000000	-6.480790
0.500000	18.000000	-6.165510
1.000000	18.000000	-5.841270
1.500000	18.000000	-5.544680
2.000000	18.000000	-5.347530
2.500000	18.000000	-5.350380
3.000000	18.000000	-5.430290
3.500000	18.000000	-5.492920
4.000000	18.000000	-5.471870
4.500000	18.000000	-5.286030
5.000000	18.000000	-5.039200
5.500000	18.000000	-4.806370
6.000000	18.000000	-4.655260
6.500000	18.000000	-4.650120
7.000000	18.000000	-4.731840
7.500000	18.000000	-4.846430
8.000000	18.000000	-4.940240
8.500000	18.000000	-4.888890
9.000000	18.000000	-4.804860
9.500000	18.000000	-4.732070
10.000000	18.000000	-4.716980
10.500000	18.000000	-4.779150
11.000000	18.000000	-4.904310
11.500000	18.000000	-5.047290
12.000000	18.000000	-5.179890
12.500000	18.000000	-5.346950
13.000000	18.000000	-5.482960
13.500000	18.000000	-5.589670
14.000000	18.000000	-5.669330
14.500000	18.000000	-5.706510
15.000000	18.000000	-5.737620
15.500000	18.000000	-5.775290
16.000000	18.000000	-5.814840
0.000000	17.500000	-6.574700
0.500000	17.500000	-6.321410
1.000000	17.500000	-6.106280
1.500000	17.500000	-5.951220
2.000000	17.500000	-5.860660
2.500000	17.500000	-5.719700
3.000000	17.500000	-5.616320
3.500000	17.500000	-5.519040
4.000000	17.500000	-5.385800
4.500000	17.500000	-5.195460
5.000000	17.500000	-4.981940
5.500000	17.500000	-4.795230
6.000000	17.500000	-4.684140
6.500000	17.500000	-4.672020
7.000000	17.500000	-4.737440
7.500000	17.500000	-4.833900
8.000000	17.500000	-4.905410
8.500000	17.500000	-4.876850
9.000000	17.500000	-4.811710
9.500000	17.500000	-4.755220
10.000000	17.500000	-4.740220
10.500000	17.500000	-4.804650
11.000000	17.500000	-4.919950
11.500000	17.500000	-5.063560
12.000000	17.500000	-5.208980
12.500000	17.500000	-5.329170
13.000000	17.500000	-5.416280
13.500000	17.500000	-5.468040
14.000000	17.500000	-5.506850
14.500000	17.500000	-5.584760
15.000000	17.500000	-5.669970
15.500000	17.500000	-5.754740
16.000000	17.500000	-5.842080
0.000000	17.000000	-6.442910
0.500000	17.000000	-6.353890
1.000000	17.000000	-6.270620
1.500000	17.000000	-6.222690
2.000000	17.000000	-6.185400
2.500000	17.000000	-5.969620
3.000000	17.000000	-5.743140
3.500000	17.000000	-5.518560
4.000000	17.000000	-5.280460
4.500000	17.000000	-5.101180
5.000000	17.000000	-4.921270
5.500000	17.000000	-4.775480
6.000000	17.000000	-4.705260
6.500000	17.000000	-4.680090
7.000000	17.000000	-4.726800
7.500000	17.000000	-4.795380
8.000000	17.000000	-4.827180
8.500000	17.000000	-4.842990
9.000000	17.000000	-4.813430
9.500000	17.000000	-4.794700
10.000000	17.000000	-4.832220
10.500000	17.000000	-4.864150
11.000000	17.000000	-4.966430
11.500000	17.000000	-5.108880
12.000000	17.000000	-5.242600
12.500000	17.000000	-5.345370
13.000000	17.000000	-5.395790
13.500000	17.000000	-5.399530
14.000000	17.000000	-5.374310
14.500000	17.000000	-5.503440
15.000000	17.000000	-5.620990
15.500000	17.000000	-5.723400
16.000000	17.000000	-5.814910
0.000000	16.500000	-6.335080
0.500000	16.500000	-6.314640
1.000000	16.500000	-6.292180
1.500000	16.500000	-6.276230
2.000000	16.500000	-6.230040
2.500000	16.500000	-6.020250
3.000000	16.500000	-5.768520
3.500000	16.500000	-5.512540
4.000000	16.500000	-5.265640
4.500000	16.500000	-5.052540
5.000000	16.500000	-4.867270
5.500000	16.500000	-4.719450
6.000000	16.500000	-4.614000
6.500000	16.500000	-4.640080
7.000000	16.500000	-4.703900
7.500000	16.500000	-4.789650
8.000000	16.500000	-4.859790
8.500000	16.500000	-4.841550
9.000000	16.500000	-4.795500
9.500000	16.500000	-4.763460
10.000000	16.500000	-4.792370
10.500000	16.500000	-4.859180
11.000000	16.500000	-4.997860
11.500000	16.500000	-5.173340
12.000000	16.500000	-5.349050
12.500000	16.500000	-5.410140
13.000000	16.500000	-5.447870
13.500000	16.500000	-5.484420
14.000000	16.500000	-5.552400
14.500000	16.500000	-5.570970
15.000000	16.500000	-5.634340
15.500000	16.500000	-5.717730
16.000000	16.500000	-5.805740
0.000000	16.000000	-6.237270
0.500000	16.000000	-6.218180
1.000000	16.000000	-6.196140
1.500000	16.000000	-6.161280
2.000000	16.000000	-6.078730
2.500000	16.000000	-5.906600
3.000000	16.000000	-5.682900
3.500000	16.000000	-5.446240
4.000000	16.000000	-5.217260
4.500000	16.000000	-5.001760
5.000000	16.000000	-4.825690
5.500000	16.000000	-4.720350
6.000000	16.000000	-4.715350
6.500000	16.000000	-4.642850
7.000000	16.000000	-4.666380
7.500000	16.000000	-4.745150
8.000000	16.000000	-4.818500
8.500000	16.000000	-4.805460
9.000000	16.000000	-4.756700
9.500000	16.000000	-4.691490
10.000000	16.000000	-4.633590
10.500000	16.000000	-4.816750
11.000000	16.000000	-5.008120
11.500000	16.000000	-5.181320
12.000000	16.000000	-5.314160
12.500000	16.000000	-5.419810
13.000000	16.000000	-5.474770
13.500000	16.000000	-5.502270
14.000000	16.000000	-5.521070
14.500000	16.000000	-5.578140
15.000000	16.000000	-5.643990
15.500000	16.000000	-5.715030
16.000000	16.000000	-5.779260
0.000000	15.500000	-6.096160
0.500000	15.500000	-6.094550
1.000000	15.500000	-6.045010
1.500000	15.500000	-5.976130
2.000000	15.500000	-5.887140
2.500000	15.500000	-5.710880
3.000000	15.500000	-5.516210
3.500000	15.500000	-5.316060
4.000000	15.500000	-5.106690
4.500000	15.500000	-4.924590
5.000000	15.500000	-4.742900
5.500000	15.500000	-4.589780
6.000000	15.500000	-4.508770
6.500000	15.500000	-4.502980
7.000000	15.500000	-4.567450
7.500000	15.500000	-4.657240
8.000000	15.500000	-4.739920
8.500000	15.500000	-4.758330
9.000000	15.500000	-4.767650
9.500000	15.500000	-4.790270
10.000000	15.500000	-4.851470
10.500000	15.500000	-4.953540
11.000000	15.500000	-5.092150
11.500000	15.500000	-5.238660
12.000000	15.500000	-5.371080
12.500000	15.500000	-5.458690
13.000000	15.500000	-5.513130
13.500000	15.500000	-5.544660
14.000000	15.500000	-5.574870
14.500000	15.500000	-5.613140
15.000000	15.500000	-5.670390
15.500000	15.500000	-5.740510
16.000000	15.500000	-5.817620
0.000000	15.000000	-6.277150
0.500000	15.000000	-6.094210
1.000000	15.000000	-5.906990
1.500000	15.000000	-5.737970
2.000000	15.000000	-5.599480
2.500000	15.000000	-5.436600
3.000000	15.000000	-5.299840
3.500000	15.000000	-5.180780
4.000000	15.000000	-5.067770
4.500000	15.000000	-4.895110
5.000000	15.000000	-4.707810
5.500000	15.000000	-4.493870
6.000000	15.000000	-4.272060
6.500000	15.000000	-4.393870
7.000000	15.000000	-4.503180
7.500000	15.000000	-4.574130
8.000000	15.000000	-4.616700
8.500000	15.000000	-4.696160
9.000000	15.000000	-4.779080
9.500000	15.000000	-4.885260
10.000000	15.000000	-5.018530
10.500000	15.000000	-5.084760
11.000000	15.000000	-5.176690
11.500000	15.000000	-5.287120
12.000000	15.000000	-5.388050
12.500000	15.000000	-5.487500
13.000000	15.000000	-5.547970
13.500000	15.000000	-5.578400
14.000000	15.000000	-5.601460
14.500000	15.000000	-5.639490
15.000000	15.000000	-5.691880
15.500000	15.000000	-5.752820
16.000000	15.000000	-5.816670
0.000000	14.500000	-6.480290
0.500000	14.500000	-6.117260
1.000000	14.500000	-5.776550
1.500000	14.500000	-5.473840
2.000000	14.500000	-5.242260
2.500000	14.500000	-5.126170
3.000000	14.500000	-5.064700
3.500000	14.500000	-5.013550
4.000000	14.500000	-4.958370
4.500000	14.500000	-4.892500
5.000000	14.500000	-4.813200
5.500000	14.500000	-4.724420
6.000000	14.500000	-4.657570
6.500000	14.500000	-4.625410
7.000000	14.500000	-4.619680
7.500000	14.500000	-4.614050
8.000000	14.500000	-4.619020
8.500000	14.500000	-4.680370
9.000000	14.500000	-4.774460
9.500000	14.500000	-4.901760
10.000000	14.500000	-5.050320
10.500000	14.500000	-5.120450
11.000000	14.500000	-5.210910
11.500000	14.500000	-5.326820
12.000000	14.500000	-5.445760
12.500000	14.500000	-5.531180
13.000000	14.500000	-5.587570
13.500000	14.500000	-5.612320
14.000000	14.500000	-5.609640
14.500000	14.500000	-5.662730
15.000000	14.500000	-5.706580
15.500000	14.500000	-5.750370
16.000000	14.500000	-5.802000
0.000000	14.000000	-6.502230
0.500000	14.000000	-6.078370
1.000000	14.000000	-5.666140
1.500000	14.000000	-5.272800
2.000000	14.000000	-4.926090
2.500000	14.000000	-4.904990
3.000000	14.000000	-4.911450
3.500000	14.000000	-4.904620
4.000000	14.000000	-4.888260
4.500000	14.000000	-4.935560
5.000000	14.000000	-4.977440
5.500000	14.000000	-5.008370
6.000000	14.000000	-5.016360
6.500000	14.000000	-4.918700
7.000000	14.000000	-4.813100
7.500000	14.000000	-4.723580
8.000000	14.000000	-4.661810
8.500000	14.000000	-4.688740
9.000000	14.000000	-4.748820
9.500000	14.000000	-4.839130
10.000000	14.000000	-4.956080
10.500000	14.000000	-5.052920
11.000000	14.000000	-5.173750
11.500000	14.000000	-5.312870
12.000000	14.000000	-5.446440
12.500000	14.000000	-5.549030
13.000000	14.000000	-5.625070
13.500000	14.000000	-5.686710
14.000000	14.000000	-5.747360
14.500000	14.000000	-5.727510
15.000000	14.000000	-5.718530
15.500000	14.000000	-5.714210
16.000000	14.000000	-5.704990
0.000000	13.500000	-6.356620
0.500000	13.500000	-5.990030
1.000000	13.500000	-5.629680
1.500000	13.500000	-5.315090
2.000000	13.500000	-5.088190
2.500000	13.500000	-4.973040
3.000000	13.500000	-4.935330
3.500000	13.500000	-4.933140
4.000000	13.500000	-4.952000
4.500000	13.500000	-5.037530
5.000000	13.500000	-5.136530
5.500000	13.500000	-5.234070
6.000000	13.500000	-5.277710
6.500000	13.500000	-5.149070
7.000000	13.500000	-4.987490
7.500000	13.500000	-4.859640
8.000000	13.500000	-4.779710
8.500000	13.500000	-4.737820
9.000000	13.500000	-4.731580
9.500000	13.500000	-4.752470
10.000000	13.500000	-4.802280
10.500000	13.500000	-4.940110
11.000000	13.500000	-5.099290
11.500000	13.500000	-5.265640
12.000000	13.500000	-5.423310
12.500000	13.500000	-5.531620
13.000000	13.500000	-5.615210
13.500000	13.500000	-5.671820
14.000000	13.500000	-5.695100
14.500000	13.500000	-5.711560
15.000000	13.500000	-5.702810
15.500000	13.500000	-5.679120
16.000000	13.500000	-5.644350
0.000000	13.000000	-6.187690
0.500000	13.000000	-5.890070
1.000000	13.000000	-5.601450
1.500000	13.000000	-5.380400
2.000000	13.000000	-5.254450
2.500000	13.000000	-5.096270
3.000000	13.000000	-5.030450
3.500000	13.000000	-5.035300
4.000000	13.000000	-5.076270
4.500000	13.000000	-5.139720
5.000000	13.000000	-5.220870
5.500000	13.000000	-5.333490
6.000000	13.000000	-5.465840
6.500000	13.000000	-5.241420
7.000000	13.000000	-5.056310
7.500000	13.000000	-4.932350
8.000000	13.000000	-4.846430
8.500000	13.000000	-4.792090
9.000000	13.000000	-4.751620
9.500000	13.000000	-4.737540
10.000000	13.000000	-4.782610
10.500000	13.000000	-4.889340
11.000000	13.000000	-5.043770
11.500000	13.000000	-5.201980
12.000000	13.000000	-5.341950
12.500000	13.000000	-5.472890
13.000000	13.000000	-5.577110
13.500000	13.000000	-5.650740
14.000000	13.000000	-5.686450
14.500000	13.000000	-5.698860
15.000000	13.000000	-5.683160
15.500000	13.000000	-5.653840
16.000000	13.000000	-5.619070
0.000000	12.500000	-6.093310
0.500000	12.500000	-5.796620
1.000000	12.500000	-5.526600
1.500000	12.500000	-5.327860
2.000000	12.500000	-5.252650
2.500000	12.500000	-5.107580
3.000000	12.500000	-5.083100
3.500000	12.500000	-5.122260
4.000000	12.500000	-5.164750
4.500000	12.500000	-5.180220
5.000000	12.500000	-5.156430
5.500000	12.500000	-5.096330
6.000000	12.500000	-5.011030
6.500000	12.500000	-4.992940
7.000000	12.500000	-4.967640
7.500000	12.500000	-4.943370
8.000000	12.500000	-4.933230
8.500000	12.500000	-4.873490
9.000000	12.500000	-4.819170
9.500000	12.500000	-4.767140
10.000000	12.500000	-4.759520
10.500000	12.500000	-4.886090
11.000000	12.500000	-5.043470
11.500000	12.500000	-5.180040
12.000000	12.500000	-5.303230
12.500000	12.500000	-5.411450
13.000000	12.500000	-5.522140
13.500000	12.500000	-5.619940
14.000000	12.500000	-5.668090
14.500000	12.500000	-5.676730
15.000000	12.500000	-5.646190
15.500000	12.500000	-5.617440
16.000000	12.500000	-5.600610
0.000000	12.000000	-5.913240
0.500000	12.000000	-5.671500
1.000000	12.000000	-5.408370
1.500000	12.000000	-5.119490
2.000000	12.000000	-4.815220
2.500000	12.000000	-4.953150
3.000000	12.000000	-5.078930
3.500000	12.000000	-5.187440
4.000000	12.000000	-5.277080
4.500000	12.000000	-5.211480
5.000000	12.000000	-5.099800
5.500000	12.000000	-4.914480
6.000000	12.000000	-4.636700
6.500000	12.000000	-4.804980
7.000000	12.000000	-4.886520
7.500000	12.000000	-4.910810
8.000000	12.000000	-4.930520
8.500000	12.000000	-4.952750
9.000000	12.000000	-4.969150
9.500000	12.000000	-4.925430
10.000000	12.000000	-4.776160
10.500000	12.000000	-5.022970
11.000000	12.000000	-5.152070
11.500000	12.000000	-5.201480
12.000000	12.000000	-5.232140
12.500000	12.000000	-5.318850
13.000000	12.000000	-5.429080
13.500000	12.000000	-5.570430
14.000000	12.000000	-5.748920
14.500000	12.000000	-5.627860
15.000000	12.000000	-5.556070
15.500000	12.000000	-5.530730
16.000000	12.000000	-5.527970
0.000000	11.500000	-5.792300
0.500000	11.500000	-5.612210
1.000000	11.500000	-5.437310
1.500000	11.500000	-5.280910
2.000000	11.500000	-5.164390
2.500000	11.500000	-5.139910
3.000000	11.500000	-5.154550
3.500000	11.500000	-5.183440
4.000000	11.500000	-5.197060
4.500000	11.500000	-5.178180
5.000000	11.500000	-5.143700
5.500000	11.500000	-5.143150
6.000000	11.500000	-5.222520
6.500000	11.500000	-5.053950
7.000000	11.500000	-4.964010
7.500000	11.500000	-4.920480
8.000000	11.500000	-4.924260
8.500000	11.500000	-5.066170
9.000000	11.500000	-5.262590
9.500000	11.500000	-5.509280
10.000000	11.500000	-5.791160
10.500000	11.500000	-5.596100
11.000000	11.500000	-5.429340
11.500000	11.500000	-5.301420
12.000000	11.500000	-5.212200
12.500000	11.500000	-5.224320
13.000000	11.500000	-5.250520
13.500000	11.500000	-5.250700
14.000000	11.500000	-5.198210
14.500000	11.500000	-5.292820
15.000000	11.500000	-5.348120
15.500000	11.500000	-5.391910
16.000000	11.500000	-5.436170
0.000000	11.000000	-5.660600
0.500000	11.000000	-5.569940
1.000000	11.000000	-5.497830
1.500000	11.000000	-5.486330
2.000000	11.000000	-5.529870
2.500000	11.000000	-5.344780
3.000000	11.000000	-5.215120
3.500000	11.000000	-5.151320
4.000000	11.000000	-5.123040
4.500000	11.000000	-5.094400
5.000000	11.000000	-5.082020
5.500000	11.000000	-5.097050
6.000000	11.000000	-5.131220
6.500000	11.000000	-5.058710
7.000000	11.000000	-4.998290
7.500000	11.000000	-4.961860
8.000000	11.000000	-4.974830
8.500000	11.000000	-5.159910
9.000000	11.000000	-5.405600
9.500000	11.000000	-5.678780
10.000000	11.000000	-5.896080
10.500000	11.000000	-5.757630
11.000000	11.000000	-5.559440
11.500000	11.000000	-5.380360
12.000000	11.000000	-5.236720
12.500000	11.000000	-5.185630
13.000000	11.000000	-5.147510
13.500000	11.000000	-5.105030
14.000000	11.000000	-5.075430
14.500000	11.000000	-5.114690
15.000000	11.000000	-5.182150
15.500000	11.000000	-5.264180
16.000000	11.000000	-5.352050
0.000000	10.500000	-5.598590
0.500000	10.500000	-5.527440
1.000000	10.500000	-5.464260
1.500000	10.500000	-5.447640
2.000000	10.500000	-5.489360
2.500000	10.500000	-5.281690
3.000000	10.500000	-5.131320
3.500000	10.500000	-5.032860
4.000000	10.500000	-4.967860
4.500000	10.500000	-4.950230
5.000000	10.500000	-4.944010
5.500000	10.500000	-4.928070
6.000000	10.500000	-4.884350
6.500000	10.500000	-4.964160
7.000000	10.500000	-5.011440
7.500000	10.500000	-5.038820
8.000000	10.500000	-5.068140
8.500000	10.500000	-5.221360
9.000000	10.500000	-5.388970
9.500000	10.500000	-5.554710
10.000000	10.500000	-5.676150
10.500000	10.500000	-5.622590
11.000000	10.500000	-5.519880
11.500000	10.500000	-5.407210
12.000000	10.500000	-5.294110
12.500000	10.500000	-5.201880
13.000000	10.500000	-5.110640
13.500000	10.500000	-5.036590
14.000000	10.500000	-5.010360
14.500000	10.500000	-5.002630
15.000000	10.500000	-5.060590
15.500000	10.500000	-5.166460
16.000000	10.500000	-5.301620
0.000000	10.000000	-5.623010
0.500000	10.000000	-5.508400
1.000000	10.000000	-5.361280
1.500000	10.000000	-5.168760
2.000000	10.000000	-4.919810
2.500000	10.000000	-4.967510
3.000000	10.000000	-4.953250
3.500000	10.000000	-4.891800
4.000000	10.000000	-4.822070
4.500000	10.000000	-4.823230
5.000000	10.000000	-4.843100
5.500000	10.000000	-4.875830
6.000000	10.000000	-4.924500
6.500000	10.000000	-4.983140
7.000000	10.000000	-5.064650
7.500000	10.000000	-5.168100
8.000000	10.000000	-5.277230
8.500000	10.000000	-5.279470
9.000000	10.000000	-5.278910
9.500000	10.000000	-5.274110
10.000000	10.000000	-5.252760
10.500000	10.000000	-5.329060
11.000000	10.000000	-5.375630
11.500000	10.000000	-5.385820
12.000000	10.000000	-5.346260
12.500000	10.000000	-5.238120
13.000000	10.000000	-5.094920
13.500000	10.000000	-4.964140
14.000000	10.000000	-4.897070
14.500000	10.000000	-4.887560
15.000000	10.000000	-4.958440
15.500000	10.000000	-5.075300
16.000000	10.000000	-5.208100
0.000000	9.500000	-5.753560
0.500000	9.500000	-5.576640
1.000000	9.500000	-5.390030
1.500000	9.500000	-5.199790
2.000000	9.500000	-5.031840
2.500000	9.500000	-4.971950
3.000000	9.500000	-4.921280
3.500000	9.500000	-4.850230
4.000000	9.500000	-4.776500
4.500000	9.500000	-4.757140
5.000000	9.500000	-4.769970
5.500000	9.500000	-4.823720
6.000000	9.500000	-4.917800
6.500000	9.500000	-4.958670
7.000000	9.500000	-5.045610
7.500000	9.500000	-5.173970
8.000000	9.500000	-5.287950
8.500000	9.500000	-5.222110
9.000000	9.500000	-5.123510
9.500000	9.500000	-5.034090
10.000000	9.500000	-4.993720
10.500000	9.500000	-5.088380
11.000000	9.500000	-5.223460
11.500000	9.500000	-5.345490
12.000000	9.500000	-5.404730
12.500000	9.500000	-5.280540
13.000000	9.500000	-5.094480
13.500000	9.500000	-4.896820
14.000000	9.500000	-4.742700
14.500000	9.500000	-4.798360
15.000000	9.500000	-4.912250
15.500000	9.500000	-5.047020
16.000000	9.500000	-5.184010
0.000000	9.000000	-5.863450
0.500000	9.000000	-5.659790
1.000000	9.000000	-5.471530
1.500000	9.000000	-5.327340
2.000000	9.000000	-5.239460
2.500000	9.000000	-5.102030
3.000000	9.000000	-4.999440
3.500000	9.000000	-4.902280
4.000000	9.000000	-4.787220
4.500000	9.000000	-4.738320
5.000000	9.000000	-4.691440
5.500000	9.000000	-4.695220
6.000000	9.000000	-4.793490
6.500000	9.000000	-4.805460
7.000000	9.000000	-4.906250
7.500000	9.000000	-5.036920
8.000000	9.000000	-5.106810
8.500000	9.000000	-5.069380
9.000000	9.000000	-4.951990
9.500000	9.000000	-4.831510
10.000000	9.000000	-4.796400
10.500000	9.000000	-4.891520
11.000000	9.000000	-5.075390
11.500000	9.000000	-5.258200
12.000000	9.000000	-5.352620
12.500000	9.000000	-5.293490
13.000000	9.000000	-5.140030
13.500000	9.000000	-4.964970
14.000000	9.000000	-4.845140
14.500000	9.000000	-4.881670
15.000000	9.000000	-4.990010
15.500000	9.000000	-5.119490
16.000000	9.000000	-5.247610
0.000000	8.500000	-5.918490
0.500000	8.500000	-5.679380
1.000000	8.500000	-5.488400
1.500000	8.500000	-5.358470
2.000000	8.500000	-5.281030
2.500000	8.500000	-5.175780
3.000000	8.500000	-5.102260
3.500000	8.500000	-5.048640
4.000000	8.500000	-4.982510
4.500000	8.500000	-4.808650
5.000000	8.500000	-4.612760
5.500000	8.500000	-4.436530
6.000000	8.500000	-4.359370
6.500000	8.500000	-4.494310
7.000000	8.500000	-4.711760
7.500000	8.500000	-4.909590
8.000000	8.500000	-5.016400
8.500000	8.500000	-4.976540
9.000000	8.500000	-4.838730
9.500000	8.500000	-4.671350
10.000000	8.500000	-4.579210
10.500000	8.500000	-4.727200
11.000000	8.500000	-4.965360
11.500000	8.500000	-5.202440
12.000000	8.500000	-5.370530
12.500000	8.500000	-5.334590
13.000000	8.500000	-5.233010
13.500000	8.500000	-5.116790
14.000000	8.500000	-5.020290
14.500000	8.500000	-5.084280
15.000000	8.500000	-5.179450
15.500000	8.500000	-5.289550
16.000000	8.500000	-5.408590
0.000000	8.000000	-5.729610
0.500000	8.000000	-5.545720
1.000000	8.000000	-5.399640
1.500000	8.000000	-5.288170
2.000000	8.000000	-5.214600
2.500000	8.000000	-5.172700
3.000000	8.000000	-5.157430
3.500000	8.000000	-5.145610
4.000000	8.000000	-5.099390
4.500000	8.000000	-4.890040
5.000000	8.000000	-4.619250
5.500000	8.000000	-4.302540
6.000000	8.000000	-4.001770
6.500000	8.000000	-4.316360
7.000000	8.000000	-4.631680
7.500000	8.000000	-4.872650
8.000000	8.000000	-5.018440
8.500000	8.000000	-4.985190
9.000000	8.000000	-4.861110
9.500000	8.000000	-4.680030
10.000000	8.000000	-4.510370
10.500000	8.000000	-4.713900
11.000000	8.000000	-4.943460
11.500000	8.000000	-5.148230
12.000000	8.000000	-5.309860
12.500000	8.000000	-5.334680
13.000000	8.000000	-5.340740
13.500000	8.000000	-5.366180
14.000000	8.000000	-5.427840
14.500000	8.000000	-5.415220
15.000000	8.000000	-5.444080
15.500000	8.000000	-5.501730
16.000000	8.000000	-5.565610
0.000000	7.500000	-5.303310
0.500000	7.500000	-5.303510
1.000000	7.500000	-5.271720
1.500000	7.500000	-5.199190
2.000000	7.500000	-5.084760
2.500000	7.500000	-5.146020
3.000000	7.500000	-5.173400
3.500000	7.500000	-5.170350
4.000000	7.500000	-5.124920
4.500000	7.500000	-4.992110
5.000000	7.500000	-4.829150
5.500000	7.500000	-4.678560
6.000000	7.500000	-4.598500
6.500000	7.500000	-4.672210
7.000000	7.500000	-4.807820
7.500000	7.500000	-4.940950
8.000000	7.500000	-5.031720
8.500000	7.500000	-5.066800
9.000000	7.500000	-5.051930
9.500000	7.500000	-5.016390
10.000000	7.500000	-4.993760
10.500000	7.500000	-5.023210
11.000000	7.500000	-5.072180
11.500000	7.500000	-5.119420
12.000000	7.500000	-5.164500
12.500000	7.500000	-5.276440
13.000000	7.500000	-5.392330
13.500000	7.500000	-5.511800
14.000000	7.500000	-5.623750
14.500000	7.500000	-5.656930
15.000000	7.500000	-5.689190
15.500000	7.500000	-5.732030
16.000000	7.500000	-5.770510
0.000000	7.000000	-5.006200
0.500000	7.000000	-5.166200
1.000000	7.000000	-5.254750
1.500000	7.000000	-5.307610
2.000000	7.000000	-5.337690
2.500000	7.000000	-5.274680
3.000000	7.000000	-5.212450
3.500000	7.000000	-5.168340
4.000000	7.000000	-5.129590
4.500000	7.000000	-5.087160
5.000000	7.000000	-5.074760
5.500000	7.000000	-5.128460
6.000000	7.000000	-5.239150
6.500000	7.000000	-5.125810
7.000000	7.000000	-5.067950
7.500000	7.000000	-5.076550
8.000000	7.000000	-5.132840
8.500000	7.000000	-5.190830
9.000000	7.000000	-5.281650
9.500000	7.000000	-5.402320
10.000000	7.000000	-5.507480
10.500000	7.000000	-5.401420
11.000000	7.000000	-5.277580
11.500000	7.000000	-5.183070
12.000000	7.000000	-5.145730
12.500000	7.000000	-5.269700
13.000000	7.000000	-5.433530
13.500000	7.000000	-5.594860
14.000000	7.000000	-5.727860
14.500000	7.000000	-5.816710
15.000000	7.000000	-5.886850
15.500000	7.000000	-5.961090
16.000000	7.000000	-6.036980
0.000000	6.500000	-5.213670
0.500000	6.500000	-5.268050
1.000000	6.500000	-5.319920
1.500000	6.500000	-5.398850
2.000000	6.500000	-5.519580
2.500000	6.500000	-5.326220
3.000000	6.500000	-5.188500
3.500000	6.500000	-5.115950
4.000000	6.500000	-5.114760
4.500000	6.500000	-5.112170
5.000000	6.500000	-5.190340
5.500000	6.500000	-5.326030
6.000000	6.500000	-5.447330
6.500000	6.500000	-5.340170
7.000000	6.500000	-5.216950
7.500000	6.500000	-5.142240
8.000000	6.500000	-5.132650
8.500000	6.500000	-5.237230
9.000000	6.500000	-5.400900
9.500000	6.500000	-5.614050
10.000000	6.500000	-5.831420
10.500000	6.500000	-5.636250
11.000000	6.500000	-5.443730
11.500000	6.500000	-5.297890
12.000000	6.500000	-5.216540
12.500000	6.500000	-5.335040
13.000000	6.500000	-5.497890
13.500000	6.500000	-5.666340
14.000000	6.500000	-5.816270
14.500000	6.500000	-5.915670
15.000000	6.500000	-6.009430
15.500000	6.500000	-6.124820
16.000000	6.500000	-6.266360
0.000000	6.000000	-5.528150
0.500000	6.000000	-5.430350
1.000000	6.000000	-5.339640
1.500000	6.000000	-5.238690
2.000000	6.000000	-5.111410
2.500000	6.000000	-5.099690
3.000000	6.000000	-5.046750
3.500000	6.000000	-4.957270
4.000000	6.000000	-4.859580
4.500000	6.000000	-5.010750
5.000000	6.000000	-5.174090
5.500000	6.000000	-5.331320
6.000000	6.000000	-5.439730
6.500000	6.000000	-5.370890
7.000000	6.000000	-5.263050
7.500000	6.000000	-5.175560
8.000000	6.000000	-5.143450
8.500000	6.000000	-5.244070
9.000000	6.000000	-5.376900
9.500000	6.000000	-5.489480
10.000000	6.000000	-5.529590
10.500000	6.000000	-5.547240
11.000000	6.000000	-5.501210
11.500000	6.000000	-5.450670
12.000000	6.000000	-5.439550
12.500000	6.000000	-5.479770
13.000000	6.000000	-5.574460
13.500000	6.000000	-5.703240
14.000000	6.000000	-5.838510
14.500000	6.000000	-5.919470
15.000000	6.000000	-6.011410
15.500000	6.000000	-6.136680
16.000000	6.000000	-6.292900
0.000000	5.500000	-5.754840
0.500000	5.500000	-5.578320
1.000000	5.500000	-5.401400
1.500000	5.500000	-5.218650
2.000000	5.500000	-5.021280
2.500000	5.500000	-5.048660
3.000000	5.500000	-5.042490
3.500000	5.500000	-5.011880
4.000000	5.500000	-5.008140
4.500000	5.500000	-5.069030
5.000000	5.500000	-5.166930
5.500000	5.500000	-5.262320
6.000000	5.500000	-5.330690
6.500000	5.500000	-5.317080
7.000000	5.500000	-5.278890
7.500000	5.500000	-5.238840
8.000000	5.500000	-5.222790
8.500000	5.500000	-5.307360
9.000000	5.500000	-5.390960
9.500000	5.500000	-5.431710
10.000000	5.500000	-5.427080
10.500000	5.500000	-5.502770
11.000000	5.500000	-5.547940
11.500000	5.500000	-5.575080
12.000000	5.500000	-5.605650
12.500000	5.500000	-5.586100
13.000000	5.500000	-5.601740
13.500000	5.500000	-5.662390
14.000000	5.500000	-5.757620
14.500000	5.500000	-5.808410
15.000000	5.500000	-5.889340
15.500000	5.500000	-5.999310
16.000000	5.500000	-6.117780
0.000000	5.000000	-5.946160
0.500000	5.000000	-5.705690
1.000000	5.000000	-5.509330
1.500000	5.000000	-5.399660
2.000000	5.000000	-5.403560
2.500000	5.000000	-5.246530
3.000000	5.000000	-5.176080
3.500000	5.000000	-5.149370
4.000000	5.000000	-5.137880
4.500000	5.000000	-5.174340
5.000000	5.000000	-5.198510
5.500000	5.000000	-5.201340
6.000000	5.000000	-5.200230
6.500000	5.000000	-5.270580
7.000000	5.000000	-5.339380
7.500000	5.000000	-5.390470
8.000000	5.000000	-5.431130
8.500000	5.000000	-5.488450
9.000000	5.000000	-5.524300
9.500000	5.000000	-5.528540
10.000000	5.000000	-5.530140
10.500000	5.000000	-5.572910
11.000000	5.000000	-5.624220
11.500000	5.000000	-5.657490
12.000000	5.000000	-5.657690
12.500000	5.000000	-5.613280
13.000000	5.000000	-5.560300
13.500000	5.000000	-5.528730
14.000000	5.000000	-5.531670
14.500000	5.000000	-5.600390
15.000000	5.000000	-5.700140
15.500000	5.000000	-5.816100
16.000000	5.000000	-5.928820
0.000000	4.500000	-6.004620
0.500000	4.500000	-5.711950
1.000000	4.500000	-5.486970
1.500000	4.500000	-5.343640
2.000000	4.500000	-5.278340
2.500000	4.500000	-5.261660
3.000000	4.500000	-5.293550
3.500000	4.500000	-5.347210
4.000000	4.500000	-5.379190
4.500000	4.500000	-5.381060
5.000000	4.500000	-5.331760
5.500000	4.500000	-5.258720
6.000000	4.500000	-5.227640
6.500000	4.500000	-5.341350
7.000000	4.500000	-5.499350
7.500000	4.500000	-5.636140
8.000000	4.500000	-5.722320
8.500000	4.500000	-5.765490
9.000000	4.500000	-5.753250
9.500000	4.500000	-5.706440
10.000000	4.500000	-5.666050
10.500000	4.500000	-5.693540
11.000000	4.500000	-5.735340
11.500000	4.500000	-5.756980
12.000000	4.500000	-5.737250
12.500000	4.500000	-5.636980
13.000000	4.500000	-5.514230
13.500000	4.500000	-5.408910
14.000000	4.500000	-5.373100
14.500000	4.500000	-5.418660
15.000000	4.500000	-5.533040
15.500000	4.500000	-5.667350
16.000000	4.500000	-5.797680
0.000000	4.000000	-5.753460
0.500000	4.000000	-5.553390
1.000000	4.000000	-5.367010
1.500000	4.000000	-5.224940
2.000000	4.000000	-5.151740
2.500000	4.000000	-5.253180
3.000000	4.000000	-5.407690
3.500000	4.000000	-5.578830
4.000000	4.000000	-5.720490
4.500000	4.000000	-5.674400
5.000000	4.000000	-5.571540
5.500000	4.000000	-5.439860
6.000000	4.000000	-5.331770
6.500000	4.000000	-5.535940
7.000000	4.000000	-5.768020
7.500000	4.000000	-5.973290
8.000000	4.000000	-6.115170
8.500000	4.000000	-6.112160
9.000000	4.000000	-6.044840
9.500000	4.000000	-5.946680
10.000000	4.000000	-5.846910
10.500000	4.000000	-5.864660
11.000000	4.000000	-5.880810
11.500000	4.000000	-5.869020
12.000000	4.000000	-5.812870
12.500000	4.000000	-5.674690
13.000000	4.000000	-5.501400
13.500000	4.000000	-5.316360
14.000000	4.000000	-5.162130
14.500000	4.000000	-5.284310
15.000000	4.000000	-5.439730
15.500000	4.000000	-5.592470
16.000000	4.000000	-5.737530
0.000000	3.500000	-5.564800
0.500000	3.500000	-5.399150
1.000000	3.500000	-5.261970
1.500000	3.500000	-5.174280
2.000000	3.500000	-5.175300
2.500000	3.500000	-5.306670
3.000000	3.500000	-5.510840
3.500000	3.500000	-5.729860
4.000000	3.500000	-5.907230
4.500000	3.500000	-5.924240
5.000000	3.500000	-5.885310
5.500000	3.500000	-5.836840
6.000000	3.500000	-5.834760
6.500000	3.500000	-5.943570
7.000000	3.500000	-6.114370
7.500000	3.500000	-6.303390
8.000000	3.500000	-6.463710
8.500000	3.500000	-6.416580
9.000000	3.500000	-6.332850
9.500000	3.500000	-6.245850
10.000000	3.500000	-6.170420
10.500000	3.500000	-6.113140
11.000000	3.500000	-6.060480
11.500000	3.500000	-5.992500
12.000000	3.500000	-5.894280
12.500000	3.500000	-5.755160
13.000000	3.500000	-5.596590
13.500000	3.500000	-5.447680
14.000000	3.500000	-5.356840
14.500000	3.500000	-5.393210
15.000000	3.500000	-5.491310
15.500000	3.500000	-5.609290
16.000000	3.500000	-5.730390
0.000000	3.000000	-5.329250
0.500000	3.000000	-5.255950
1.000000	3.000000	-5.194350
1.500000	3.000000	-5.164630
2.000000	3.000000	-5.193570
2.500000	3.000000	-5.375870
3.000000	3.000000	-5.597730
3.500000	3.000000	-5.812600
4.000000	3.000000	-5.978740
4.500000	3.000000	-6.101130
5.000000	3.000000	-6.170410
5.500000	3.000000	-6.224300
6.000000	3.000000	-6.288140
6.500000	3.000000	-6.321800
7.000000	3.000000	-6.386640
7.500000	3.000000	-6.472360
8.000000	3.000000	-6.538450
8.500000	3.000000	-6.541250
9.000000	3.000000	-6.510920
9.500000	3.000000	-6.473290
10.000000	3.000000	-6.427280
10.500000	3.000000	-6.331070
11.000000	3.000000	-6.224440
11.500000	3.000000	-6.110880
12.000000	3.000000	-5.985020
12.500000	3.000000	-5.865290
13.000000	3.000000	-5.747900
13.500000	3.000000	-5.656740
14.000000	3.000000	-5.612830
14.500000	3.000000	-5.595560
15.000000	3.000000	-5.628320
15.500000	3.000000	-5.692190
16.000000	3.000000	-5.763980
0.000000	2.500000	-5.192960
0.500000	2.500000	-5.189700
1.000000	2.500000	-5.199370
1.500000	2.500000	-5.246150
2.000000	2.500000	-5.351480
2.500000	2.500000	-5.505750
3.000000	2.500000	-5.699820
3.500000	2.500000	-5.900010
4.000000	2.500000	-6.080180
4.500000	2.500000	-6.240760
5.000000	2.500000	-6.373610
5.500000	2.500000	-6.489140
6.000000	2.500000	-6.577460
6.500000	2.500000	-6.555170
7.000000	2.500000	-6.525750
7.500000	2.500000	-6.516150
8.000000	2.500000	-6.522790
8.500000	2.500000	-6.541680
9.000000	2.500000	-6.562670
9.500000	2.500000	-6.578550
10.000000	2.500000	-6.565830
10.500000	2.500000	-6.461040
11.000000	2.500000	-6.329140
11.500000	2.500000	-6.198440
12.000000	2.500000	-6.082310
12.500000	2.500000	-5.969310
13.000000	2.500000	-5.887990
13.500000	2.500000	-5.844330
14.000000	2.500000	-5.829840
14.500000	2.500000	-5.788850
15.000000	2.500000	-5.780920
15.500000	2.500000	-5.810970
16.000000	2.500000	-5.859430
0.000000	2.000000	-5.197380
0.500000	2.000000	-5.213790
1.000000	2.000000	-5.250980
1.500000	2.000000	-5.330250
2.000000	2.000000	-5.459280
2.500000	2.000000	-5.600740
3.000000	2.000000	-5.772150
3.500000	2.000000	-5.954370
4.000000	2.000000	-6.126930
4.500000	2.000000	-6.300340
5.000000	2.000000	-6.454480
5.500000	2.000000	-6.589350
6.000000	2.000000	-6.676740
6.500000	2.000000	-6.611540
7.000000	2.000000	-6.513520
7.500000	2.000000	-6.430120
8.000000	2.000000	-6.390250
8.500000	2.000000	-6.428400
9.000000	2.000000	-6.497310
9.500000	2.000000	-6.561400
10.000000	2.000000	-6.582840
10.500000	2.000000	-6.483940
11.000000	2.000000	-6.341250
11.500000	2.000000	-6.194250
12.000000	2.000000	-6.076870
12.500000	2.000000	-5.995370
13.000000	2.000000	-5.961450
13.500000	2.000000	-5.959430
14.000000	2.000000	-5.966640
14.500000	2.000000	-5.916360
15.000000	2.000000	-5.888480
15.500000	2.000000	-5.908810
16.000000	2.000000	-5.976920
0.000000	1.500000	-5.326490
0.500000	1.500000	-5.309300
1.000000	1.500000	-5.325850
1.500000	1.500000	-5.383510
2.000000	1.500000	-5.485830
2.500000	1.500000	-5.626250
3.000000	1.500000	-5.790200
3.500000	1.500000	-5.960940
4.000000	1.500000	-6.130380
4.500000	1.500000	-6.269390
5.000000	1.500000	-6.402590
5.500000	1.500000	-6.522690
6.000000	1.500000	-6.596320
6.500000	1.500000	-6.505160
7.000000	1.500000	-6.373090
7.500000	1.500000	-6.241200
8.000000	1.500000	-6.144650
8.500000	1.500000	-6.236570
9.000000	1.500000	-6.352450
9.500000	1.500000	-6.451580
10.000000	1.500000	-6.502040
10.500000	1.500000	-6.417250
11.000000	1.500000	-6.275530
11.500000	1.500000	-6.102190
12.000000	1.500000	-5.932100
12.500000	1.500000	-5.938210
13.000000	1.500000	-5.964910
13.500000	1.500000	-5.992930
14.000000	1.500000	-6.010410
14.500000	1.500000	-5.951460
15.000000	1.500000	-5.904630
15.500000	1.500000	-5.891860
16.000000	1.500000	-5.901900
0.000000	1.000000	-5.445840
0.500000	1.000000	-5.426730
1.000000	1.000000	-5.418850
1.500000	1.000000	-5.426440
2.000000	1.000000	-5.462090
2.500000	1.000000	-5.612800
3.000000	1.000000	-5.768410
3.500000	1.000000	-5.899520
4.000000	1.000000	-6.001200
4.500000	1.000000	-6.124640
5.000000	1.000000	-6.224860
5.500000	1.000000	-6.307180
6.000000	1.000000	-6.360680
6.500000	1.000000	-6.275710
7.000000	1.000000	-6.169710
7.500000	1.000000	-6.065630
8.000000	1.000000	-5.991000
8.500000	1.000000	-6.081940
9.000000	1.000000	-6.192430
9.500000	1.000000	-6.289130
10.000000	1.000000	-6.354230
10.500000	1.000000	-6.302960
11.000000	1.000000	-6.206520
11.500000	1.000000	-6.070030
12.000000	1.000000	-5.921070
12.500000	1.000000	-5.940040
13.000000	1.000000	-5.961670
13.500000	1.000000	-5.970480
14.000000	1.000000	-5.970340
14.500000	1.000000	-5.902640
15.000000	1.000000	-5.850980
15.500000	1.000000	-5.824270
16.000000	1.000000	-5.806320
0.000000	0.500000	-5.632320
0.500000	0.500000	-5.596290
1.000000	0.500000	-5.570140
1.500000	0.500000	-5.540830
2.000000	0.500000	-5.494090
2.500000	0.500000	-5.660710
3.000000	0.500000	-5.786040
3.500000	0.500000	-5.866790
4.000000	0.500000	-5.911600
4.500000	0.500000	-5.955140
5.000000	0.500000	-5.973070
5.500000	0.500000	-5.977690
6.000000	0.500000	-5.988550
6.500000	0.500000	-5.956500
7.000000	0.500000	-5.941490
7.500000	0.500000	-5.930380
8.000000	0.500000	-5.914530
8.500000	0.500000	-5.983570
9.000000	0.500000	-6.041710
9.500000	0.500000	-6.092370
10.000000	0.500000	-6.147470
10.500000	0.500000	-6.164930
11.000000	0.500000	-6.171330
11.500000	0.500000	-6.137780
12.000000	0.500000	-6.047030
12.500000	0.500000	-6.039200
13.000000	0.500000	-5.986800
13.500000	0.500000	-5.915760
14.000000	0.500000	-5.858130
14.500000	0.500000	-5.792600
15.000000	0.500000	-5.764080
15.500000	0.500000	-5.761500
16.000000	0.500000	-5.763280
0.000000	0.000000	-5.836930
0.500000	0.000000	-5.807870
1.000000	0.000000	-5.810260
1.500000	0.000000	-5.860300
2.000000	0.000000	-5.947170
2.500000	0.000000	-5.911130
3.000000	0.000000	-5.890280
3.500000	0.000000	-5.878750
4.000000	0.000000	-5.853580
4.500000	0.000000	-5.786850
5.000000	0.000000	-5.690560
5.500000	0.000000	-5.579520
6.000000	0.000000	-5.496590
6.500000	0.000000	-5.581550
7.000000	0.000000	-5.711650
7.500000	0.000000	-5.852320
8.000000	0.000000	-5.971590
8.500000	0.000000	-5.949720
9.000000	0.000000	-5.905660
9.500000	0.000000	-5.870290
10.000000	0.000000	-5.873030
10.500000	0.000000	-6.011800
11.000000	0.000000	-6.175930
11.500000	0.000000	-6.323140
12.000000	0.000000	-6.406170
12.500000	0.000000	-6.254720
13.000000	0.000000	-6.049680
13.500000	0.000000	-5.845310
14.000000	0.000000	-5.682060
14.500000	0.000000	-5.649600
15.000000	0.000000	-5.674100
15.500000	0.000000	-5.735800
16.000000	0.000000	-5.826010
